"????? ??????? ID","??????","??? ??????","???? ???????","????? ???????","??? ???????","????? ???????","???????/?????? ???????","???????","????? ??????","clientID"
1.00,,,"????? ????? ??????? + 4 ??? ??????? ??????? (???? ???? ????? - ???? ???? ???? ????? - ???? ?? ??? ?????? - ???? ????? ??? ????) + 7 ????? ??????? ?? ????? ???????",22/2/2022 0:00:00,"12",22/2/2022 0:00:00,"?????? ?????",,0,277
111.00,,,"??? ????? ???? ???? ??????? ?????? ??? ???? ????? 500000 ????",22/4/2024 0:00:00,"0",22/4/2024 0:00:00,"????? ????",,0,294
1111.00,"?????","10427 ???? 2012","???? ????? ?? ????? ????? ?????? ???? ?? ????? ???? ??? ??? ????? ???? ????? ????? ???????? ???? ??? ????? ?? ?????? ???? ??????? ?????? ??????? ???? ??? ???? ???? ??? ?? 30 ????? 2018. ????? ?????? ?? ?? ?. ????? ???? ??????? ??????.",17/5/2018 0:00:00,"2",17/5/2018 0:00:00,,,0,45
11111.00,,,"??? ???? ???? ??? ???? ?????? ? ???? ???? ? ????? ? ?????? ??????? ???????? ???????? ? ???? ??? ????? ? ????? ? ????? ???? ???? ???? ???? ???? ?????? + ??? ????? ???? ?? ??? ?????? ??????",22/4/2024 0:00:00,"13",22/4/2024 0:00:00,"????? ????",,0,294
17353.00,"????? ????","5307 ???? 2015","??? ??? ????? ?????? ??? ?????/ ???? ???? ??? ?????? ????? ???????/ ????? ???? ??? ?????? ????.",1/8/2014 0:00:00,"3",3/6/2015 0:00:00,"????? ????",,0,122
17354.00,"?????",,"??? ??? ????? ?????? ??? ???? ?????? ???? ???? ??? ?????? ?????? ???????? ????? ????? ?????????",31/5/2015 0:00:00,"3",3/6/2015 0:00:00,"????? ????",,0,129
17482.00,"????? ????","5307 ???? 2015","??? ????? ???? ????? ???? ????? ?. ????? ???? ???? ????? ???? ???? ??/ ???? ???? ??? ?????? ??? ????? ?????? ???? ??? ?????? ????? ??????? ?????? 2017/04/19.",19/4/2017 0:00:00,"1",10/6/2015 0:00:00,"????? ????",,0,122
17483.00,"????? ????","5307 ???? 2015","??? ??? ??? 06740753 ????? ??? ??? NSGB ????? 30000 ????? ??????? ?????/ ????? ???? ??? ?????? ????? ???? ??/ ???? ???? ??? ?????? ????? ???? ?? ??? ??? ????? ??????? ?? ????? ?????? ?????? QNB",6/8/2014 0:00:00,"1",10/6/2015 0:00:00,"????? ????",,0,122
17545.00,"??????","880 ???? 2?","????? ???? ???? ?????? ????? ???? ???? ?????? ??? 12820 ???? 2015 ??? ????? ??? ??? ?????? 2/6/2015 ???? ??? ??? ?????? ????????? ???? ?????? ??? 880 ???? 2 ? ??????? ???????",16/12/2015 0:00:00,"3",14/6/2015 0:00:00,"???? ??? ??????",,0,2
17576.00,"???? ???? ??? ???? ?????? ","60 ???? 131","???? ????? ????? ?????? ????? ?? ????? ?????? ?? ?????? ??? 60 ???? 131 ? (???? ????? ??? ??????? ?? ?????? ??? 906 ???? 2013)",8/4/2015 0:00:00,"7",16/6/2015 0:00:00,"???? ????",,0,117
17577.00,"???? ???? ??? ???? ?????? ","906 ???? 2013","???? ????? ????? ?????? ????? ?? ????? ?????? ?? ?????? ????????? ??? 906 ???? 2013 ??????? ?? ???? ??????? ???????? ??????? ??????? ??????",28/6/2014 0:00:00,"19",16/6/2015 0:00:00,"???? ????",,0,117
17606.00,"???????? ????????","1437 ???? 2010","???? ??? ????? ?? ????? ?????? ?? ????? ??????? ?????????? ?? ?????? ??? 1437 ???? 2010 ??? ???????? ???????? ?????? 22/4/2015.",22/4/2015 0:00:00,"2",17/6/2015 0:00:00,"???? ??? ??????",,0,8
17637.00,"?????? ??????? ????????? ?? ??? ????? ??????","885 ???? 2013","??? ??? ?????? ?? ?????? ???? ???????- ???? ??????? ???????? ??????? ??????? ??????",7/8/2014 0:00:00,"32",18/6/2015 0:00:00,"??? ???????",,0,106
17638.00,"????","4939 ???? 2014","??? ????? ???? ????? ???? ??????? ?. ????? ???? ???? ???? ???? ?? ???? ???? ??? ?????/ ???? ??? ???????? ????? ???? ??? ????????. ?????? ?????? 2015/07/02 ??????? ?? ??????.",2/7/2015 0:00:00,"1",18/6/2015 0:00:00,"????? ????",,0,100
17722.00,"????? ????","5307 ???? 2015","??? ????? ???? ????? ???? ?????? ?. ????? ???? ???? ????? ??? 03600486 ????? ??? ??? NSGB ?????/ ????? ???? ??? ?????? ????? ???? ????? ???? ??/ ???? ???? ??? ?????? ????. ?????? ?????? 2016/01/12 ??????? ????????.",12/1/2016 0:00:00,"1",10/6/2015 0:00:00,"????? ????",,0,122
17723.00,"????? ????","5307 ???? 2015","??? ????? ?????? ?????/ ???? ???? ???? ???? ???? ????? ??? 06740760 ????? 100 ??? ????? ????? ??? ??? NSGB? ???? ??? ????????? ???? ??/ ???? ???? ??? ?????? ????? ????? ???? ????? ?? ????? ????? ?????? ???????",9/9/2015 0:00:00,"3",10/6/2015 0:00:00,"????? ????",,0,122
17724.00,"????? ????","5307 ???? 2015","??? ??? ??? 06740751 ????? ??? ??? NSGB ?????/ ????? ???? ??? ?????? ????? ???? ????? ???? ??/ ???? ???? ??? ?????? ????",,"1",10/6/2015 0:00:00,"????? ????",,0,122
17725.00,"????? ????","5307 ???? 2015","???? ????? ?? ????? ??? ???? ??????/ ????? ???? ?? ?????/ ???? ???? ??? ??????",28/7/2009 0:00:00,"1",1/6/2015 0:00:00,"????? ????",,0,122
17726.00,"????? ????","5307 ???? 2015","???? ????? ?? ????? ???? ???? (???+????) ??? 373 ?/2010 ???? ????? ????? ????????? ???? ?? ?????/ ???? ???? ??? ?????? ??? ????? ????? ??????/ ????? ???? ??? ?????? ????? ????? ?? ???? ????? ?? ????? ??? ??? 333 ?/2010 ???? ????? ????? ????????? ???? ????? ?????/ ???? ???? ??? ?????? ??? ???? ??? ??????? ???????",16/9/2010 0:00:00,"2",1/6/2015 0:00:00,"????? ????",,0,122
17727.00,"????? ????","??? ????? ??? ??? ???","???? ????? ?? ????? ????? ?????? ??????/ ????? ???? ??? ?????? ????? ??? 28007023300087",,"1",1/6/2015 0:00:00,"????? ????",,0,122
17729.00,"????? ????","5307 ???? 2015","???? ????? ?? ????? ?? ?????? ??????? ??? 4711 ?/2014 ???? ????? ???????? ???? ?? ?????/ ???? ???? ??? ?????? ??? ????? ????? ?????/ ???? ???? ????? ??????",5/8/2014 0:00:00,"1",1/6/2015 0:00:00,"????? ????",,0,122
17730.00,"????? ????","5307 ???? 2015","???? ????? ?? ??? ??? ??????? ???? ????? ?? ???? ?????? ???? ??? ???? ?? ?????/ ???? ??? ??? ?????? ???????/ ????? ???? ????. ",1/8/2014 0:00:00,"3",1/6/2015 0:00:00,"????? ????",,0,122
17731.00,"????? ????","??? ????? ??? ??? ???","??? ??????? ??? 1083 ?/2009 ????? ?????? ???? ?? ?????/ ???? ??? ??? ?????? ??? ??????/ ????? ???? ????.",22/4/2009 0:00:00,"1",1/6/2015 0:00:00,"????? ????",,0,122
17732.00,"????? ????","??? ????? ??? ??? ???","??? ??? ??? ??????? ????? ??? 15 ?????? ?????? ??? ??????? ??????? ?????? ??????? 170?2 ??????? ??? 5177 ?? ???????? ???? ??? ?????/ ???? ??? ?????? ??????/ ???? ??? ??? ??????.",4/12/1999 0:00:00,"4",1/6/2015 0:00:00,"????? ????",,0,122
17733.00,"????? ????","??? ????? ??? ??? ???","??? ??? ??? ??????? ????? ??? 15 ?????? ?????? ??????? ??? 5177 ?? ???? ?????? ?????? ???????? ???? ??? ?????/ ???? ??? ??? ??????? ???????/ ???? ???? ??? ?????? ???? ?????? ???? ??? ?????? ????.",10/4/2009 0:00:00,"3",1/6/2015 0:00:00,"????? ????",,0,122
17734.00,"????? ????","??? ????? ??? ??? ???","??? ??? ??? ??????? (??? ????) ????? ??? 15 ?????? ?????? ??? ??????? ??????? ?????? ??????? 170?2 ??????? ??? 5177 ?? ???????? ???? ??? ???? ???? ????? ????? ??????/ ???? ??? ?????.",,"3",1/6/2015 0:00:00,"????? ????",,0,122
17735.00,"????? ????","??? ????? ??? ??? ???","??? ???? ?????? ????? ??? 15 ?????? ?????? ??? ??????? ??????? ?? ?????? ??? 5177?? ???????? ???? ??? ?????/ ???? ??? ????? ??????/ ???? ??? ??? ??????.",1/12/1999 0:00:00,"1",1/6/2015 0:00:00,"????? ????",,0,122
17746.00,"???? ???? ??? ???? ?????? ",,"??? ??? ??????? ?????? ?? ?????? ????????? ??? 906 ???? 2013 ??????? ?? ?????? ??????? ??????? ???????? ????????? ?? ?????? ?????? ??????? ?????????? ???? ??? ???? ??????.",28/6/2014 0:00:00,"19",1/6/2015 0:00:00,"?. ???? ????",,0,117
17754.00,"??? ?? ?? ?? ?????????","1982 ???? 1?","??? ????? ?????? ??? ????? ??? 715567 ????? 99937.50 ???? ????? ??? ??? HSBC? ????? ???? ?????? ???? ??? ????? ??????? ?????????? ???? ??????? ?? ??? ?????? ??? 1982 ???? 1 ?.",4/2/2015 0:00:00,"1",1/6/2015 0:00:00,"?. ???? ??? ????",,0,13
17755.00,"??? ?? ?? ?? ?????????","1982 ???? 1?","??? ????? ????? ?? ?????? ???????? ??????? ??? ?? ?????? ??? 1982 ???? 1 ?.",4/2/2015 0:00:00,"1",1/6/2015 0:00:00,"?. ???? ??? ????",,0,13
17756.00,"???? ???????","3677 ???? 2010","???? ????? ?? ????? ?????? ????? ????? ????? ???? ????? ????? ?????? ????? ????? ?? ???? ???? ???????.",23/4/2014 0:00:00,"1",1/6/2015 0:00:00,"?. ???? ??? ????",,0,52
17757.00,"?????? ?????? ???????",,"??? ????? ?????? ?????/ ????? ??? ???? ???? ??????? ??? 2131 ?/2010 ????? ????? ????????.",11/5/2010 0:00:00,"4",1/6/2015 0:00:00,,,0,65
17758.00,"?????? ?????? ???????",,"??? ????? ???? ?? ???? ?????? ?????? ??????? ???????? ?????? ?????/ ????? ??? ????? ?? ?????? ????????? ??? ?????? ????? ??? ?????. ",11/5/2010 0:00:00,"1",1/6/2015 0:00:00,,,0,65
17760.00,"???????","12486 ???? 64?","??? ????? ?????? ?????/ ???? ??? ?????? ??? ?????? ?????? ????????? ?????? ?????? ?????? ?? ?????? ??? 12486 ???? 64 ? ????? 29/12/2012? ??????? ?? ???? ??????? ???????????? ???????? ?? ???? ??????? ???????? ??????.",22/10/2013 0:00:00,"7",1/6/2015 0:00:00,,,0,19
17761.00,"???????","12486 ???? 64?","??? 2 ???? ????? ?? ????? ?? ???? ??????? ???????? ?????? ???? ??? ???? ??? ?? ?????? ??? 12486 ???? 64 ?.",27/2/2013 0:00:00,"2",1/6/2015 0:00:00,,,0,19
17762.00,"???????","23470 ???? 52?","???? ????? ?? ????? ?????? ?? ????? ??? 23470 ???? 52 ? ???? ??????? ?? ???? ????? ??????? ? ?????? ?? ?????? ???????? ????? ??????? ??????? ????????? ??????.",23/5/2009 0:00:00,"6",1/6/2015 0:00:00,,,0,19
17763.00,"???????","32739 ???? 55?","???? ????? ?? ????? ?????? ?? ?????? ??? 32739 ???? 55 ? ???? ??????? ?? ???? ??????? ??????? ?????????? ?? ???? ??????? ???????? ??????.",13/3/2010 0:00:00,"7",1/6/2015 0:00:00,,,0,19
17764.00,"???????",,"??? 4 ?????? ????? ???? ????? ??????? ???????? ??????? ??? 919945 ?? ????? ?????? ??????? ???????? (wibo) ????? ???? ??????? ???????????? ????????.",8/1/2014 0:00:00,"8",1/6/2015 0:00:00,,,0,19
17765.00,"???????",,"??? ????? ?????? ???? ?? ????? ????? ?????? (???? ???????) ????? ????? ??????? ?????????? ???? ?? ?????/ ???? ????",4/7/2014 0:00:00,"3",1/6/2015 0:00:00,,,0,19
17766.00,"???????",,"??? ????? ?????? ????? ??? 3 ????? ????? 2978/2010 ?1656/2012 ?89/2011 ???? ??????/ ??? ????? ????? ???? ?? ?????/ ???? ???? ????? ????",8/5/2014 0:00:00,"2",1/6/2015 0:00:00,,,0,19
17767.00,"???????",,"???? ????? ?? ????? ???? ??????? ?? ???? ??????? ???????????? ???????? ????? ????? ????? ???????? ????.",13/10/2005 0:00:00,"2",1/6/2015 0:00:00,,,0,19
17768.00,"???????","23468 ???? 52?","???? ????? ?? ????? ?????? ?? ????? ??? 23468 ???? 52 ? ???? ??????? ?? ???? ????? ??????? ? ?????? ?? ?????? ???????? ????? ??????? ??????? ????????? ??????.",23/5/2009 0:00:00,"6",1/6/2015 0:00:00,,,0,19
17769.00,"???????","23469 ???? 52?","???? ????? ?? ????? ?????? ?? ????? ??? 23469 ???? 52 ? ???? ??????? ?? ???? ????? ??????? ? ?????? ?? ?????? ???????? ????? ??????? ??????? ????????? ??????.",23/5/2009 0:00:00,"6",1/6/2015 0:00:00,,,0,19
17773.00,"???? ??????? ???????",,"??? ????? ???? ??? 297 ???? 2014 ????? ?????? ???????? ???? ????? ?? ???????? ??????? ????? ??? ????? ??? ????? ??????? ????? ?? ????? ????? ??????? ????? ?????/ ??????? ???? ???????.",4/5/2014 0:00:00,"2",1/6/2015 0:00:00,"?. ???? ??? ????",,0,123
17774.00,"???? ??????? ???????",,"??? ????? ???? ???????? (??? ????? ????) ???? ????? ???? ?????/ ??????? ???? ??????? ???????? ??? ????? ?????? ??? ????? ???????.",4/6/2014 0:00:00,"5",1/6/2015 0:00:00,"?. ???? ??? ????",,0,123
17775.00,"???? ??????","218 ???? 3?","??? ????? ??? ???? 188156.66 ???? ???? ?? ?????/ ???? ???? ???? ?????? ??? ???? ??????? ??????? ?????? ??????? ??????? ????? ???? ?????? ?????? ???? ??????? ??????? ???????? ???? ?? ???? ????? ?????? ?? ?????? ????????.",19/3/2012 0:00:00,"9",1/6/2015 0:00:00,,,0,6
17776.00,"???? ??????","218 ???? 3?","??? 2 ???? ????? ?? ????? ?????? ?? ?????? ??? 218 ???? 3 ? ??????? ???? ????????? ?????? ?? ?????/ ???? ???? ???? ?????? ?? ???? ??????? ??????? ?????? ??????? ???????.",14/1/2012 0:00:00,"12",1/6/2015 0:00:00,,,0,6
17777.00,"????????",,"??? ????? ?????? ?????/ ??? ??? ???? ???? ???? ????? ??????? ?????? ??????? ?????? ?????? ????? ??????.",30/12/2010 0:00:00,"6",1/6/2015 0:00:00,,,0,134
17778.00,"?????? ?????","2225 ???? 2007","??? ????? ??????? ????????? ???? ??????? ?????? ?? ?????? ????????? ??? 2225 ???? 2007.",4/8/2012 0:00:00,"2",1/6/2015 0:00:00,,,0,5
17779.00,"?????? ?????","2225 ???? 2007","??? ????? ?????? ???? ?? ?????/ ??? ???? ??? ?????? ???????? ??? ?????? ????????? ???? ??????? ??? 2225 ???? 2007.",4/8/2012 0:00:00,"1",1/6/2015 0:00:00,,,0,5
17780.00,"?????? ?????","86 ???? 125?","???? ????? ?? ????? ?????? ?? ?????? ??? 86 ???? 125 ?? ??????? ?? ???? ?????? ????????? ????????? ?? ???? ?????? ?????",21/7/2011 0:00:00,"7",1/6/2015 0:00:00,,,0,5
17781.00,"?????? ?????",,"??? ???? ?? ???? ?????? ????? ????? ??? ????? -???? ?????? ?????????? -???? ????? ???? ???????? ????? ??? -????? ???? ???? ???? -?????? ???? ?? ???? ??????? ?????? ???? ???? ?? ??? ?????? ?????? ?? ???? ??? ????? ????? ???????? ??????? ?????? ???????.",9/8/2012 0:00:00,"5",1/6/2015 0:00:00,,,0,5
17782.00,"?????? ?????","2225 ???? 2007","???? ????? ?? ???? ??????? ??????? ?? ?????? ????????? ??? 2225 ???? 2007 ????? ???? ?? ?????/ ??? ???? ???????? ?????.",4/8/2012 0:00:00,"2",1/6/2015 0:00:00,,,0,5
17786.00,"???????",,"??? ????? ???? ????? ???? ????? ????????? ??????? - ??? ????? ?????? ???? ???? ???? ?????? ??????? ????? ??????? ?????????? ?????? ??????? ???????? ???????? ?????? ????? ????? ??????? ??????.",2/5/2017 0:00:00,"4",1/6/2015 0:00:00,,"?? ??????? ?? ?????? ??? 288 / 2010 ????? 23/5/2017",0,24
17787.00,"???????",,"???? ????? ???? ?????? ????? ????? ?????? ?? ??? Deutch Bank ??????? ??? ???? Cinq.net",28/4/2014 0:00:00,"2",1/6/2015 0:00:00,"???? ????",,0,24
17788.00,"???????",,"??? ?????? ??????? ?????/ ?????? ?????? ????? ??? ????? ???? ???? ?? ?????? ??????? ??????? ?????????? ???? ?????? ??????????.",6/2/2014 0:00:00,"2",1/6/2015 0:00:00,"???? ????",,0,24
17796.00,"????? ??????","3029 ???? 2013","??? ????? ???? ?? ??????/ ???? ??? ?????? ??? ??????? ??????? ?? ???????? ????????? ?????? ??? ?? ?????? (??? ????? ??????) ???? ???????? ???? ????????? ??????? ?????? ???.",27/2/2014 0:00:00,"2",1/6/2015 0:00:00,"?. ???? ??? ????",,0,103
17797.00,"????? ??????",,"??? ????? ?????? ???? ?? ?????/ ???? ????? ???? ???? ??????? ??????? ?????? ??????/ ???? ???? ????? ???? ??????? ?????? ??? ???????/ ???? ??? ?????.",16/11/2013 0:00:00,"1",1/6/2015 0:00:00,"?. ???? ??? ????",,0,103
17798.00,"???????? ?????????",,"??? ????? ?????? ?????/ ??????? ??? ????? ???? ?????? ??? ???? ???????? ????????? ????? ??? ???????.",31/12/2013 0:00:00,"1",1/6/2015 0:00:00,"?. ???? ??? ????",,0,40
17800.00,"??????","7416 ???? 2011","??? ?????? ???? ???????? ??? 10000281 ????? ????? ?????? ??????? ???????? ?????? 21/1/2008 ????? 282500 ????. ???? ?? ??? ????? ?????? ?????/ ???? ???? ???? ????? ????? ??? 2700937 ???? ?? ???? ?????? ??????? ???????? ????? ??? ????? ?????? ????? ???? ????? ??? ????? 277350 ???? ?????? 5/3/2008. ????? ????? ??? ??? ????? ??????? ????? ????? ?????? ?????.",21/1/2008 0:00:00,"4",1/6/2015 0:00:00,,,0,2
17801.00,"??????","7416 ???? 2011","??? ?????? ???? ???????? ??? 10000282 ????? ????? ?????? ??????? ???????? ?????? 24/1/2008 ????? 429683 ????. ???? ?? ??? ????? ?????? ?????/ ???? ???? ???? ????? ????? ??? 2700938 ???? ?? ???? ?????? ??????? ???????? ????? ??? ????? ?????? ????? ???? ????? ??? ????? 421294.65 ???? ?????? 5/3/2008. ????? ????? ??? ??? ????? ??????? ???? ????? ?????? ?????.",24/1/2008 0:00:00,"4",1/6/2015 0:00:00,,,0,2
17802.00,"??????","7416 ???? 2011","??? ?????? ???? ???????? ??? 10000283 ????? ????? ?????? ??????? ???????? ?????? 30/1/2008 ????? 445363 ????. ???? ?? ??? ????? ?????? ?????/ ???? ???? ???? ????? ????? ??? 2747098 ???? ?? ???? ?????? ??????? ???????? ????? ??? ????? ?????? ????? ???? ????? ??? ????? 437242.27 ???? ?????? 8/4/2008. ????? ????? ??? ??? ????? ??????? ???? ????? ?????? ?????.",30/1/2008 0:00:00,"4",1/6/2015 0:00:00,,,0,2
17803.00,"??????","7416 ???? 2011","??? ?????? ???? ???????? ??? 1842 ????? ????? ?????? ??????? ???????? ?????? 18/9/2008 ????? 476.540 ????. ???? ?? ??? ????? ?????? ?????/ ???? ???? ???? ????? ????? ??? 2788725 ???? ?? ???? ?????? ??????? ???????? ????? ??? ????? ?????? ????? ???? ????? ??? ????? 467810.92 ???? ?????? 10/11/2008. ????? ????? ??? ??? ????? ??????? ???? ????? ?????? ?????.",18/9/2008 0:00:00,"4",1/6/2015 0:00:00,,,0,2
17804.00,"??????","7416 ???? 2011","??? ????? ?????? ?????/ ???? ???? ???? ????? ????? ??? 2700854 ???? ?? ???? ?????? ??????? ???????? ????? ??? ????? ?????? ????? ???? ???????? ????? 539117.45 ???? ?????? 14/2/2008. ????? ????? ??? ??? ????? ??????? ???? ????? ?????? ?????.",24/2/2008 0:00:00,"3",1/6/2015 0:00:00,,,0,2
17805.00,"??????","7416 ???? 2011","??? ????? ?????? ?????/ ???? ???? ???? ????? ????? ??? 2700743 ???? ?? ???? ?????? ??????? ???????? ????? ??? ????? ?????? ????? ???? ???????? ????? 1000000 ???? ?????? 6/1/2008. ????? ????? ??? ??? ????? ??????? ???? ????? ?????? ?????.",3/3/2008 0:00:00,"3",1/6/2015 0:00:00,,,0,2
17806.00,"??????","7416 ???? 2011","??? ??? ???? ?????? ?????????? ???? ??? ???? ?????? ??????? ???????? ????? ???????? ??????? ???????? ????? ?? ???? ????? ??????? ????? ???????? ??? ?? ?????? ?????? ????? ??? ???? ????? ?? ??????? ???????? ?????? ??????? ????? ????????.",27/9/2007 0:00:00,"20",1/6/2015 0:00:00,,,0,2
17807.00,"??????","7416 ???? 2011","??? ?????? ???? ???????? ??? 0108 ????? ????? ?????? ??????? ???????? ?????? 27/11/2007 ????? 950000 ????. ???? ?? ??? ????? ?????? ?????/ ????? ???? ??????? ???? ????? ??? 2700691 ???? ?? ???? ?????? ??????? ???????? ????? ??? ????? ?????? ????? ???? ???????? ????? 950000 ???? ?????? 9/12/2007. ????? ????? ??? ??? ????? ??????? ???? ????? ?????? ?????.",27/11/2007 0:00:00,"4",1/6/2015 0:00:00,,,0,2
17808.00,"??????","7416 ???? 2011","??? ?????? ???? ???????? ??? 0116 ????? ????? ?????? ??????? ???????? ?????? 1/4/2008 ????? 344971 ????. ???? ?? ??? ????? ?????? ?????/ ???? ???? ???? ????? ????? ??? 2747188 ???? ?? ???? ?????? ??????? ???????? ????? ??? ????? ?????? ????? ???? ???????? ????? 338651.95 ???? ?????? 20/5/2008. ????? ????? ??? ????? ?????? ?????.",1/4/2008 0:00:00,"3",1/6/2015 0:00:00,,,0,2
17809.00,"??????","7416 ???? 2011","??? ?????? ???? ???????? ??? 0118 ????? ????? ?????? ??????? ???????? ?????? 5/4/2008 ????? 449370 ????. ???? ?? ??? ????? ?????? ?????/ ???? ???? ???? ????? ????? ??? 2747192 ???? ?? ???? ?????? ??????? ???????? ????? ??? ????? ?????? ????? ???? ???????? ????? 441138.61 ???? ?????? 21/5/2008. ",5/4/2008 0:00:00,"2",1/6/2015 0:00:00,,,0,2
17810.00,"??????","7416 ???? 2011","??? ?????? ???? ???????? ??? 0119 ????? ????? ?????? ??????? ???????? ?????? 6/4/2008 ????? 426675 ????. ???? ?? ??? ????? ?????? ?????/ ???? ???? ???? ????? ????? ??? 2747193 ???? ?? ???? ?????? ??????? ???????? ????? ??? ????? ?????? ????? ???? ???????? ????? 245077.01 ???? ?????? 21/5/2008. ????? ????? ??? ??? ???? 3 ????? ????? 2747192? 2747188? 2747193.",6/4/2008 0:00:00,"3",1/6/2015 0:00:00,,,0,2
17811.00,"??????","7416 ???? 2011","??? ?????? ???? ???????? ??? 10000280 ????? ????? ?????? ??????? ???????? ?????? 15/1/2008 ????? 247025 ????. ???? ?? ??? ????? ?????? ?????/ ???? ???? ???? ????? ????? ??? 2700931 ???? ?? ???? ?????? ??????? ???????? ????? ??? ????? ?????? ????? ???? ????? ??? ????? 269973.11 ???? ?????? 3/3/2008. ????? ????? ??? ??? ????? ??????? ????? ????? ?????? ?????.",15/1/2008 0:00:00,"4",1/6/2015 0:00:00,,,0,2
17812.00,"??????",,"??? 4 ???? ??????? ??? ????? ????? ?? ?????/ ???? ???? ????? ????? ???? ???? ?????? ???????? ???? ????? ??????.",31/5/2012 0:00:00,"5",1/6/2015 0:00:00,,,0,2
17813.00,"??????","216 ???? 2011","???? ????? ????? ?? ????? ??????? ?????? ?????? ???? ??? ?????? ??? 216 ???? 2011 ??????? ?????? 7/12/2014",21/12/2014 0:00:00,"1",1/6/2015 0:00:00,,,0,2
17815.00,"????? ??????",,"??? ????? ?????? ???????? ????? ??? ?????? ???? ??? ??? 20395555 ????? 18000 ???? ????? ??? ??? ??? ?????? QNB ???? ?? ?????/ ??????? ???? ??????? ??? ????? ???? ????? ??????? ????? ?? ??? ???? ????? ??????? ???? ??? ????? ???? ????? ??????? ????? ????? ??? ???? ????? ?????.",20/12/2014 0:00:00,"4",28/6/2015 0:00:00,"????? ????","???? ???? ????? ????? ?????? ??? ????? ?????????? ?? m-files",0,102
17822.00,"?????? ??????","8 ?65 ???? 3?","??? ????? ?????? ???? ?????? ?????/ ???? ???? ?????? ???? ??????? ??? ????? ??? 8341620 ????? ??? ????? ?????? ??????? ????? ??? ????? ????? ???????? ????? ?? ??? ????? ?????? ????? ???? ????? ???? ???? ????? ?? ????? ????? ?????? ?????? ????????.",23/8/2012 0:00:00,"3",1/6/2015 0:00:00,,,0,3
17823.00,"?????? ??????","8 ?65 ???? 3?","??? ????? ?????? ????????? ???????? ???? 8? 65 ???? 3 ? ??????? ?????????? ??????? ?? ???? ?????? ?????? ?? ?????/ ????? ?????",7/8/2012 0:00:00,"2",1/6/2015 0:00:00,,,0,3
17824.00,"?????? ??????","2 ???? 2010","???? ????? ?? ????? ?????? ?? ?????? ??? 2 ???? 2010 ??????? ??????? ?????? ?? ?????/ ????? ????? ?? ???? ?????? ??????.",27/11/2010 0:00:00,"28",1/6/2015 0:00:00,,,0,3
17825.00,"?????? ??????","8 ?65 ???? 3?","??? ?????? ????????? ??????? ?? ???????? ???? 8? 65 ???? 3 ? ??????? ?????????? ??????? ?? ???? ?????? ?????? ?? ?????/ ????? ?????? ???? ?? ???? ????? ?? ????? ?????? ???? ?????? ?. ???? ??? ???? ???????? ??? ?????? ?????????",29/5/2012 0:00:00,"12",1/6/2015 0:00:00,,,0,3
17826.00,"?????? ??????","8 ?65 ???? 3?","??? ????? ??? ??? 4272 ? ???? 2012 ????? ???? ??? ????? ???? ???? ?? ?????/ ????? ???? ????? ????? ???????/ ???? ??? ??????.",7/8/2012 0:00:00,"1",1/6/2015 0:00:00,,,0,3
17828.00,"??????? ?????",,"??? 2 ??? (?????) ??? ????? ???? ??? ???? ?? ???? ?????? ?????? ?????? HP ??????? ??????? ??????? ????? ??????????.",9/11/2014 0:00:00,"4",1/6/2015 0:00:00,,,0,82
17829.00,"??????? ?????","850 ???? 2012","??? ??? ??????? ?? ?????? ??? 850 ???? 2012 (????? ??? ?????) ???? ?? ???? ??????? ??????? ????? ?? ???? ????? ??????",9/12/2013 0:00:00,"63",1/6/2015 0:00:00,,,0,82
17830.00,"??????? ?????","850 ???? 2012","??? ??? ????? ?? ?????? ????????? ??? 850 ???? 2012 (????? ??? ?????) ???? ?? ???? ??????? ??????? ????? ?? ???? ????? ??????? ???? ?? ???????/ ???? ??? ??? ??????",,"1",1/6/2015 0:00:00,,,0,82
17832.00,"???????","215 ???? 2012","??? ????? ?????? ?????/ ???? ???? ???? ???? ?????? ????????? ?????? ?????? ?????? ?? ?????? ????????.",31/12/2015 0:00:00,"7",1/6/2015 0:00:00,,,0,69
17833.00,"???????","441 ???? 2012","??? ????? ?? ???? ?????? ??? ?? ?? ?????? ??? 441 ???? 2012 ???????? ?? ???? ????? ??????? ??????????.",2/5/2013 0:00:00,"1",1/6/2015 0:00:00,,,0,69
17834.00,"???????",,"???? ????? ????? ?? ????? (????? ?????) ?????? ??????????? ????? ??????? ??????? ????????",1/2/2011 0:00:00,"24",1/6/2015 0:00:00,,,0,69
17835.00,"???????","140 ???? 2011","???? ????? ?? ????? ?????? ?? ?????? ??? 140 ???? 2011 ??????? ???????.",30/5/2011 0:00:00,"8",1/6/2015 0:00:00,,,0,69
17836.00,"???????",,"???? ????? ?? ????? ?????? ""?????? ?????"" ?????? ??????????",27/3/2011 0:00:00,"9",1/6/2015 0:00:00,,,0,69
17874.00,"????",,"??? ????? ?????? ???? ???? ???? ??? ????? ?? ??? ???? ???? ??????? ??????? ???????? ???? ?? ???? ?? ???? ????? ???? ???????.",12/3/2015 0:00:00,"1",1/6/2015 0:00:00,"???? ????",,0,85
17875.00,"????",,"??? ??? ?? ??? ??????? ?? ?????? ????????? ??????? ?? ?????? ??????? ????????? ???????? (????) ?? ?????? ??????? ???????.",20/4/2015 0:00:00,"13",1/6/2015 0:00:00,"???? ????","?? ????? ????? ?? ????? ???? ???????",0,85
17876.00,"????? ?????? ???????? ??????","831 ???? 2012","??? ????? ???? ????? ???? ?????? ?????? ???? ????? ?????? ?????/ ???? ??? ???? ??? ??????? ?? ?????? ???????? ???? ??? ????? ???????/ ???? ????? ????? ?? ???? ???? ??????? ??????? ???? 17-3-2015. [???? ????????? ?????? ??????????].",30/8/2015 0:00:00,"93",1/6/2015 0:00:00,,"?? ????? ????? ??????",0,79
17877.00,"???? ????","586 ???? 2014","??? ????? ?????? ?????/ ????? ???? ???? ????? ??? ????? ?? ????? ?? ?????? ??? 586 ???? 2014.",26/5/2015 0:00:00,"10",2/7/2015 0:00:00,"???? ????????",,0,137
17878.00,"??????? ???????? ????????","8090 ???? 58?","???? ????? ?? ????? ?????? ????? ????? ????? ?? ???????/ ???? ??? ???? ???? ?? ????? ??? 8090 ???? 58 ? ?????? ???? ?? ???? ??????? ????????.",,"15",1/6/2015 0:00:00,,,0,56
17879.00,"???? ????","219 ???? 2011","???? ????? ?? ????? ??????? ?????? ?? ?????? 219 ???? 2011 ??? ????? ???? ???? ?? ????? ????? ????? ??? ??????? ?????? ???????/ ???? ???? ??? ??????.",10/3/2012 0:00:00,"43",1/6/2015 0:00:00,"?. ???? ????",,0,78
17880.00,"???? ????","18271 ???? 59?","???? ????? ?? ????? ?? ???? ?????? ?????? ???? ?????? ?? ?????? ??? 18271 ???? 59 ? ?????? ?? ?????/ ???? ??????? ?? ??????/ ???? ????.",8/5/2014 0:00:00,"1",1/6/2015 0:00:00,"?. ???? ????",,0,78
17881.00,"???? ????","37992 ???? 56?","??? ????? ?????? ?????/ ??? ???? ?????? ?? 2020/07/20 ???? ?????? ????????? ???? ?????? 37992 / 65 ?? ????? 2013/02/18? ???? ?????? ??? ????? ??????? ?????????.",18/2/2013 0:00:00,"8",1/6/2015 0:00:00,"?. ???? ????",,0,78
17883.00,"?????","20 ???? 5?","???? ????? ?? ??? ????? ??????? ?????????? ?? ?????? ??? 20 ???? 5 ?",25/9/2014 0:00:00,"7",1/6/2015 0:00:00,"???? ????",,0,50
17884.00,"?????","2149 ???? 2011","??? ????? ?? ?????? ??? 2149 ???? 2011 ??? ????? ????????",3/11/2011 0:00:00,"1",1/6/2015 0:00:00,"???? ????",,0,50
17885.00,"??????? ???????? ??????? ??????????",,"???? ?????? ???????/ ???? ???????? ???? ????? ???????? ?????? 26 ???? 2008 ?????? ???? ?? ????? ?????? ???? ?????? ??????? ?????????? ????? ??? ????? ??? ????? ????? ??????? ???????? ??????? ?????????? (??????) ?????? 30/4/2015.",30/4/2015 0:00:00,"2",1/6/2015 0:00:00,"???? ????????",,0,130
17886.00,"??????? ???????? ??????? ??????????",,"??? 2 ???? ????? ?? ??? ????? ???????? ??? ????? ???????? ??? ????? ??????? ??????? ???????? ????? ??? ?????? ?????? ??????? ??????? ?????? ???????? (??? ???) ??????? ??????? ???????? ??????? ?????????? (??? ????)",26/3/2008 0:00:00,"18",1/6/2015 0:00:00,"???? ????????",,0,130
17889.00,"????? ????? ???????",,"??? ????? ?????? ??? 2 ????? ???? ????? ??????? ?????? ?????/ ???? ??????? ???? ?????? 21/6/2010? ?????????? ????? ????? ?? ?????/ ?????? ????? ??? (????? ??? 229 ?/2010 ?. ????? ???) ??????/ ???? ????? ????? (????? ??? 733 ?/2010 ?. ???? ???????) (??? ????????? ?????? ?????????? ??? M-Files)",21/6/2010 0:00:00,"1",1/6/2015 0:00:00,,,0,70
17891.00,"????? ??????","901 ???? 2013","??? ??? ??????? ?????? ?? ?????? ????????? ??? 901 ???? 2013? ???? ?? ?????? ?? ????? ??? ?????? ????????? ???????? ????? ???? ??????? ??????? ??? ??? ???????.",29/10/2014 0:00:00,"85",1/6/2015 0:00:00,"???? ????",,0,44
17892.00,"????? ??????","901 ???? 2013","??? ????? ???? ????? ???? ????? ????????? ?????? - ??? ????? ?????? ??????? ?? ?????? ????????? ??? 901 ???? 2013 ????? ?? ??????? ??????? ????.",28/10/2014 0:00:00,"28",1/6/2015 0:00:00,"???? ????","?? ????? ????????? ?????? ????? ??? 10 / 132 ?",0,44
17893.00,"????? ??????",,"??? ????? ?????? ??????? ???? ?? ?????/ ???? ??? ??????? ?????? 2/5/2010 ???? ??????? ??? ???? ??????? ????? ?? ???? ???? ??? ???? ????? ????? ???? ???? ????? ??? ????? (????? ????)",2/5/2010 0:00:00,"1",1/6/2015 0:00:00,"???? ????",,0,44
17894.00,"????? ??????",,"??? ??? 5 ??????? ?????? ?????/ ???? ??? ????? ??????? ????? ?????? ?????/ ????? ????? ???? ???? ??????? ???? ????? ?????? ??????? ?? ??????? ???????? ?????? ???????/ ???? ??? ?????? ???????? ????? ????? ?????? ??????? ????????",14/9/2010 0:00:00,"5",1/6/2015 0:00:00,"???? ????",,0,44
17897.00,"???? ??? ?????",,"???? ????? ???? ??? 58 / 2012 ????? ??? ??? ??? ????? ?????/ ???? ????? ????? ?????? ?????? ???? ??? 1203 / 2012 ???? ????? ??? ????? ??????/ ???? ??? ?????? ???.",8/1/2012 0:00:00,"2",1/6/2015 0:00:00,"?. ???? ??? ?????",,0,139
17898.00,"???? ??? ?????",,"???? ????? ??????? ??? ????? ??? 742558 ????? ??? ??? ??? ?? ?? ?? ????? 1260000 ????? ?????? 13/5/2013? ???? ?? ????? ??? ??? ????? ???? 3551 ?3552 ????? ???? ???????? 8415 ???? ?????? 16/5/2013.",16/5/2013 0:00:00,"3",1/6/2015 0:00:00,"?. ???? ??? ?????","???? ?????:
- ????? ????: 2015/06/01.
- ???? ????: 2020/04/06.",0,139
17900.00,"???? ??? ?????",,"???? ??????? ??? 2089 ? ???? 2013 ????? ???? ?????? ?????? ?? ?????/ ???? ???? ????? ????? ???????/ ???? ??? ?????.",16/5/2013 0:00:00,"1",1/6/2015 0:00:00,"?. ???? ??? ?????","???? ?????:
- ????? ????: 2015/06/01.
- ???? ????: 2020/04/06.",0,139
17901.00,"???? ??? ?????",,"???? ????? ???? ???? (??? + ????) ??? 3501 ? ???? 2011 ????? ???? ?????? ???? ?? ?????/ ???? ???? ????? ????? ?????? ????? ?????/ ???? ???? ????? ????? ?????? ???? ?? ???? ?? ????? ??? ??? 2769 ? ???? 2011.",25/12/2011 0:00:00,"4",1/6/2015 0:00:00,"?. ???? ??? ?????",,0,139
17902.00,"???? ??? ?????",,"???? ??? ???? ?? ????? ??? ??????? ?????? 2011/09/10? ?? ?????? ??? 2774 ???? 2011 ??? ????? ??? ???????? ?????? ?? ?????/ ???? ???? ????? ?????? ?? ?????/ ???? ????? ????? ?????? ???? ?? ???? ????? ?? ??? ??? ??? ?????? ???? 1/3/2011? ????? ?? ?????? ????????.",10/9/2011 0:00:00,"4",1/6/2015 0:00:00,"?. ???? ??? ?????","???? ?????:
- ???? ????: 2020/04/06.",0,139
17903.00,"???? ??? ?????",,"???? ????? ????? ?? ????? ?????/ ??? ???? ?????? ???? ??? ???? ???? ?????? ???????? 16?, 2?? 1? ??? ????? 4666.60 ???.",,"1",1/6/2015 0:00:00,"?. ???? ??? ?????","???? ?????:
- ????? ????: ??  2015/06/01.
- ???? ????: 2020/04/06.",0,139
17904.00,"???? ??? ?????",,"???? ??? ??? ??????? ???? ??? ???????/ ???? ???? ????? ????? ?????? ????? ???? ????? ????? ????? (??? ???) ????????/ ???? ??? ????? (??? ????)? ??? ???? ???? ??? ??????? ??????? ??????? ?????? (1? 2? 17?). ???? ?? ???? ????? ???? ????? ??? ??? ????? ???????.",16/5/2013 0:00:00,"7",1/6/2015 0:00:00,"?. ???? ??? ?????","???? ?????:
- ????? ????: 2015/06/01.
- ???? ????: 2020/04/06.",0,139
17905.00,"???? ??? ?????",,"???? ????? ???? ??? ????? ???? ???? 2374 ?????? 2004/09/26? ??? ?????? ?????? ???????? ??????? ???????? ????????? ????? ??? ????????? ???????? ???????? ??? ???? ???? ??? ??????? ??????? ??????? ?????? (558? 12?) [?? ???? ???]",26/9/2004 0:00:00,"6",1/6/2015 0:00:00,"?. ???? ??? ?????",,0,139
17906.00,"??? ????? ??????",,"??? ???? ??? ??? ???? ??????? ????? ??????/ ??? ???? (??????? ????? ????? ??? ?????).",12/4/2012 0:00:00,"13",1/6/2015 0:00:00,,,0,1
17907.00,"??? ????? ??????",,"??? ????? ???? ??? ???? ????? ????? ?????? ???? ?????? ??????/ ????? ???? ??????? ???? ???? ????????? ?????? ??????? ???? ??? ?????",28/8/2013 0:00:00,"1",1/6/2015 0:00:00,,,0,1
17910.00,"???? ????","879 ???? 2013","??? ????? ???????? ?? ?????? ????????? ??? 879 ???? 2013 ???? ??????? ???????? ??????? ??????? ??????? ????? ?? ???? ???? ???? ??????? ??????? ?????? ???????/ ???? ???? ????? ???? ?????? ??????????",30/6/2015 0:00:00,"19",5/7/2015 0:00:00,"??? ???????",,0,89
17943.00,"???????","10875 ???? 85?","??? ????? ???? ????? ???? ?????? ?????? ????? ??????? ???? ??? ?????? ???? ????? ????? ??? 10875 ???? 85 ?? ???? ?? ??? ??? ?? ?????? ???????? ????? ??????? ????????? ??????? ???? ?? ???? ????? ????? ????? ?? ????? ?????.",7/7/2015 0:00:00,"20",7/7/2015 0:00:00,"??? ???????","?? ??????? ?????? ????? ??? 10875 / 85?",0,28
18097.00,"????",,"??? ????? ???? ????? ???? ?????? ?. ???? ??????? ???? ???? ?????? ?????? ?? ?????? ????????? ??? ???? ???? ??????? ??????? ???????? ?????? ?????? 2015/07/26 ??????? ????? ???? ??????.",15/8/2015 0:00:00,"1",13/7/2015 0:00:00,"??? ???????",,0,85
18101.00,"?????",,"??? ??? ????? ??????? ?????? ??? ?????/ ???? ???? ??? ????? ??? ??????",4/3/2014 0:00:00,"7",14/7/2015 0:00:00,"??? ???????",,0,141
18197.00,"????????","43078 ???? 65?","??? ?????? ????????? ????? ?????? ?? ?????? ??? 43078 ???? 65 ? ?? ????? ?????? ??????? ?????? 21-3-2015 ??????? ?? ???? ???????? ??????????? ??????? ?? ???? ???? ????? ?????? ?????? ??????? ??????? ?????- ???? ?? ??? ??????? ??????? ?????????",20/8/2015 0:00:00,"6",20/8/2015 0:00:00,"???? ????????",,0,36
18248.00,"???????","673 ???? 2010","??? ?????? ???? ????? ???? ????? ??????? ??????? - ??? ????? ???? ????? ???? ?????? ?. ???? ???? ???? ??? ??????? ?????? ?? ???? ??????? ???????? ??????? ??????? ?????? ?? ?????? ??? 673 ???? 2010 ???????? ?? ??????? ?? ??????? ????????? + ???? ?????? ?????? ?? ??? ??? ??????? ?? ???? ??????? ???????? ??????? ??????? ??????? ????? ????? ??????? ????????? ?????? ?????? 7-10-2015",6/4/2016 0:00:00,"1",3/9/2015 0:00:00,"??? ???????","?? ????? ??????? ????????",0,28
18249.00,"???????","672 ???? 2010","??? ??? ??????? ?? ?????? ??? 672 ???? 2010 ?????? ?? ???? ??????? ???????? ??????? ??????? ??????? ???????? ?? ??????? ????????? ?? ??????? ??????? ???? ?? ??? ????? ??????? ????????? ?????? ?????? 7-10-2015",31/8/2015 0:00:00,"165",3/9/2015 0:00:00,"??? ???????",,0,28
18279.00,"???? ????","285 ???? 2015","???? ??????? ?? ???? ????? ??? ??????? ???? ?????? ???? ????? ??????? ??????????? ?????? ???? 50000 ???? ?? ?????/ ???? ???? ???? ???",10/9/2015 0:00:00,"1",13/9/2015 0:00:00,"???? ????????",,0,137
18600.00,"???? ????","285 ???? 2015","??? ????? ?? ???? ????? ??????? ?????????? ??????? ???? ???????? ????? 50 ??? ???? ????? ?????? ?????? ????? ???? ??? ?????",30/9/2015 0:00:00,"1",30/9/2015 0:00:00,"???? ????????",,0,137
18602.00,"???????","673 ???? 2010","??? ????? ???? ????? ???? ?????? ?. ???? ???? ???? ???? ???? ??????? ?????? ??????? ??????? ??????? ???? ??????? ?????? ?? ?????? ????????.",6/4/2016 0:00:00,"1",1/10/2015 0:00:00,"??? ???????",,0,28
18772.00,"???????","673 ???? 2010","??? ???? ???? ??????? ???? ??? ??????? ???? (??????? ?????????) ?????? ??? ????? ????? ???? ??????? ???????.",1/11/2015 0:00:00,"7",4/11/2015 0:00:00,"??? ???????",,0,28
18773.00,"???????","673 ???? 2010","??? ???? ???? ??????? ???? ??? ??????? ???? (??????? ?????????) ????? ??? ??????? ???????.",1/11/2015 0:00:00,"14",4/11/2015 0:00:00,"??? ???????",,0,28
18774.00,"???????","672 ???? 2010","??? ???? ???? ??????? ???? ??? ???????? (???????) ?????? ??????? ??????? ???? ??????? ???????.",1/11/2015 0:00:00,"6",4/11/2015 0:00:00,"??? ???????",,0,28
18775.00,"???????","673 ???? 2010","??? ???? ???? ??????? ???? ??? ??????? ???? (??????? ?????????) ???? ????? ???????? ????? ?????? ??????? ????????? ??????? ????????? ??????",,"3",4/11/2015 0:00:00,"??? ???????",,0,28
18776.00,"???????","673 ???? 2010","??? ???? ???? ??????? ???? ??? ??????? ???? (??????? ?????????) ?????? ??????? ??????? ???? ??????? ???????.",1/11/2015 0:00:00,"16",4/11/2015 0:00:00,"??? ???????",,0,28
18777.00,"???????",,"????? ?????? ???? 3 ???? ????? (???? ??? ??????? ?????????? ???? ??? ????) ?????? ?????? ???? ???? ??????? ????????",29/10/2015 0:00:00,"1",4/11/2015 0:00:00,,,0,24
18779.00,"??????? ???????? ????????",,"??? ????? ???? ?????/ ???? ???? ???? ????",9/12/2013 0:00:00,"1",4/11/2015 0:00:00,,,0,56
18835.00,"??????","10918 ???? 2015","???? ????? ?? ??? ????? ???? ??????? ?????????? ?????? 15-10-2015 ?? ???? ????????? ????????? ?? ??? ???? ???",16/11/2015 0:00:00,"1",17/11/2015 0:00:00,,,0,2
18866.00,"??? ?? ?? ?? ?????????","183 ???? 2013","??? ????? ???? ??????? ???? ?????? ?????? ????????? - ??? ????? ?????? ?????/ ?????? ????? ????? ?????? ???? ?????? ????????? ???? ????? ???? ??????? ?? ?????? ??? 183 ???? 2013 ?????? 26-1-2015? ????? ?? ??? ????? ?????? ??????? ???? ??????? ??????? ?????????? ????? ???? ????? ?? ????? ????? ?????? ???????.",22/11/2015 0:00:00,"10",23/11/2015 0:00:00,,"??? ??????? ??????? ????? ?????????? ??? m-files - ?? ????? ????????? ??????",0,13
18983.00,"??????",,"??? ????? ???? ???? ?????? ????? ???? ????? ??? 3 ???? ????? ???? ?? ???? ??????? ??????? ?????? ??? ?????? ?????? ??????? ?????? ??????? ??????? ?????? ??? 3 ??? ????? ?????? [?????? ?????? ??????? ????????? -?????? ?????? ??????? ???????? ????????? -?????? ?????? ?????? ????????? ???????]? ????? ??? ??? ??? ????? ????? ?????.",15/2/2016 0:00:00,"7",9/12/2015 0:00:00,"?. ???? ??? ?????",,0,2
18984.00,"??????",,"???? ????? ????? ?????? ??? ??? ???? ??? ???? ????????? ????????? ??????? ????? ?????? ??????? ????????",10/11/2014 0:00:00,"7",9/12/2015 0:00:00,"?. ???? ??? ?????",,0,2
18985.00,"??????",,"???? ???? ?? ????? ??????? ???? ??? ?. ???? ??? ????? ?????? ??????? ????? ??? 4 ??? ????? ?? ??? ??? ?????? ????????? ?????? ???? ????? ?????? ????????? ????? ??????? ??? ????? ????? ???? 4 ????? ?????? [???? A3] ???? ??????? ????????",12/1/2015 0:00:00,"5",9/12/2015 0:00:00,"?. ???? ??? ?????",,0,2
18986.00,"??????",,"???? ??? 4 ????? ??? ????? ??? ???? ????? ????? ??????? ???? ????? ??????? ????? ???????",4/2/2015 0:00:00,"8",9/12/2015 0:00:00,"?. ???? ??? ?????",,0,2
18987.00,"??????",,"??? ????? ???? ???? ?????? ????? ???? ????? ??? 3 ???? ??? ????? ?????? ?????? ?????? ??????? ?????????? ??????? ?????? ??????? ???????? ?????????? ??????? ?????? ?????? ????????? ??????? [???? A3]",30/12/2015 0:00:00,"10",9/12/2015 0:00:00,"?. ???? ??? ?????",,0,2
19156.00,"??????",,"??? ????? ?????/ ??? ???? ??? ??????? ?????? ???? ???? ???????? ???????? ??? ????? ??????? ??????? ???? ????? ???????? ?????? ???? ????? ???????? ????",31/12/2015 0:00:00,"2",31/12/2015 0:00:00,"????? ????",,0,2
19288.00,"???? ??? ?????",,"???? ??? ??? ????? ???? ???? 2325 ?????? 22/9/2013? ??? ???? ??? ???????? ?????? ???????? ????????/ ???? ??? ?????? ??? ???? ???? ??? ??????? ??????? ??????? ?????? (11? 9?)? ???? ?? ???? ???? ????? ?????.",22/9/2013 0:00:00,"4",24/1/2016 0:00:00,"?. ???? ??? ?????","???? ?????:
- ???? ????: 2020/04/06.",0,139
19289.00,"???? ??? ?????",,"???? ??? ??? ????? ???? ???? 3776 ?????? 12/11/2007 ??? ???? ????? ??????? ????????? ???????? ?????? ???????? ??????/ ??? ?????? ???? ???? ??? ???? ???? ??? ??????? ??????? ?????? ?????? (2? 5? 10?).",12/11/2007 0:00:00,"2",24/1/2016 0:00:00,"?. ???? ??? ?????",,0,139
19290.00,"???? ??? ?????",,"???? ????? ???? ?? ??????/ ????? ????? ??????? ??? ????? ???? ?? ???????/ ???? ??? ?????? ??? ?????/ ???? ???? ???????? ????? ??????? ????? ??? ???????? ?????? ???????? ????? ???? ??? ??????? 50 ??? ???? ??? ???????? ????????? ?????? (2? 5? 10?)? ?? ???????/ ??? ?????? ???? ???.",23/5/2012 0:00:00,"1",24/1/2016 0:00:00,"?. ???? ??? ?????","???? ?????:
- ????? ????: ??  2016/01/24.
- ???? ????: 2020/04/06.",0,139
19291.00,"???? ??? ?????",,"???? ??? ??? ????? ???? ???? 2259 ?????? 2013/09/14? ??? ???? ??? ???????? ?????? ???????? ????????/ ???? ??? ?????? ??? ???? ???? ??? ??????? ??????? ??????? ?????? (1? 1? 20?)? ???? ?? ???? ???? ????? ?????.",12/6/2013 0:00:00,"4",24/1/2016 0:00:00,"?. ???? ??? ?????","???? ?????:
- ???? ????: 2020/04/06.",0,139
19449.00,"??????",,"??? ????? ?????? ?????/ ???? ???? ??????? ???? ???? ????? ??? 20130049309598 ????? 3 ????? ???? ????? ??? ????? ??????? ??????? ??????? ?? ?????? ?????? ??????? ??????? ????? ???? ?????? ?????? ??????? ???????? ????? ??? ???? ?? ???? ?????? ??????? ????? ????? ????? ?? ????? ????? ?????? ???????.",18/2/2016 0:00:00,"4",18/2/2016 0:00:00,"????? ????",,0,133
19605.00,"???? ???? ???? ???? ","355 ???? 2012","??? ????? ?? ???? ????? ??????? ??????? ???? ??? ?????? ???????.",6/7/2015 0:00:00,"1",9/3/2016 0:00:00,"??? ???????",,0,114
19606.00,"????? ???????",,"??? ??? ????? ???? ????? ???? ?????? ????? ????? ??? ????? ??? ???? ??????? ????? ???? ???? ???? ???? ???? ?? ????? ???????",21/4/2015 0:00:00,"5",10/3/2016 0:00:00,"?. ???? ??? ????",,0,153
19702.00,"??????",,"???? ????? ?? ??? ??? ????? ????? ??? ?????? ??????? ??????? ??? ???? ????? ??????? ??????? ????? ?????? ?????? ??????? ?????????? ????? ?????? ????? ??? ??? 1069 ?????? 8-3-2016",8/3/2016 0:00:00,"4",20/3/2016 0:00:00,"?. ???? ??? ?????",,0,2
19703.00,"??????",,"???? ????? ?? ??? ??? ????? ????? ??? ?????? ??????? ??????? ??? ???? ????? ??????? ??????? ????? ?????? ?????? ??????? ???????? ?????????? ????? ?????? ????? ??? ??? 1072?????? 8-3-2016",8/3/2016 0:00:00,"4",20/3/2016 0:00:00,"?. ???? ??? ?????",,0,2
19704.00,"??????",,"???? ????? ?? ??? ??? ????? ????? ??? ?????? ??????? ??????? ??? ???? ????? ??????? ??????? ????? ?????? ?????? ?????? ????????? ???????? ????? ?????? ????? ??? ??? 1070?????? 8-3-2016",8/3/2016 0:00:00,"4",20/3/2016 0:00:00,"?. ???? ??? ?????",,0,2
19731.00,"????? ??????","3025 ???? 2013","??? ????? ???? ?? ?????/ ???? ???? ?????? ??????? ?? ??????? ???? ?????? ?????? ?? ?? ??????? ???? ??? ?????? ?? ?? ?? ??? ??? ??????.",21/3/2016 0:00:00,"1",22/3/2016 0:00:00,"????? ????",,0,103
19733.00,"???????",,"??? ????? ???? ?? ?????/ ???? ??? ?????? ???? ??? ????? ????? ????? ??????? ????? ????? ?????? ??????? ???????? ???????? ??? 5 ??????? ????? ??? ?? ???? ??? ????? ?????? ??????. ???? ??? 3 ??? ??????? ????? ?? ???? ?????? ???????? ?3 ??? ???????? ????? ???? ???? ???????/ ???? ??? ?????? ?3 ??? ????? ??? ???? ?????? ???????? ?????? ???????? ??????",22/3/2016 0:00:00,"11",22/3/2016 0:00:00,"???? ????????",,0,145
19758.00,"???????",,"??? ???? ?? ???? ???? ????? ???? ??????? ???? ??????? ???? ??? ?????? ???? ???? ???? ??? ????? ???????? ?? ??????? ???????? ?????? ????? ?? ??? ????? ?????? ???????? ?????? 2-3-2016? ????? ???? ??? ????? ???? ????????? ??? ????? ?????????.",,"1",24/3/2016 0:00:00,"???? ????????",,0,145
19894.00,"??????? ???","????? ??? 960 ???? 2014","??? ??? ??????? ?????? ?? ???? ??????? ???????? ??????? ??????? ?????? ?????? 27-3-2016? ???? ?? ????? ?????? ????? ?????? ?????",27/3/2016 0:00:00,"65",3/4/2016 0:00:00,"??? ???????",,0,121
19897.00,"???? ??? ?????",,"???? ??? ??? ????? ???? ????? ??? ????? ???????/?????????? ????????? ??? ???????/ ??? ?????? ???? ??? (????) ????????/ ???? ??? ????? (?????)? ???? ?? ??? ??? ??? ????? ????? ????? ????? ??????? ?????? ?????? ?? ????? ??????? ????? ?????? ????? ??????? ???? ?? ???? ????? ??? ????? ???? ????? ???????? ?????? ????? ?????.",1/6/2016 0:00:00,"8",8/5/2016 0:00:00,"?. ???? ??? ?????","?? ????? ????? ?????? ??????? ?????? ?. ???? ??? ?????? ?? 2016/08/22. ??? ??????? ???? ??? ???? ????? ?? ????? ?????? ???? 2015 ?? 2016/08/22.",0,139
19934.00,"???????",,"??? ????? ?????? ???????/ ???? ???? ???? ??????? ??????? ???? ????? ???????? ??????? ????? ?????.",6/4/2016 0:00:00,"10",7/4/2016 0:00:00,"??? ???????",,0,28
20096.00,"????? ??????",,"??? ????? ???? ????? ???? ?????? ?. ????? ???? ????? ??????? ????? ????? ???? ???? ??? ????? ?????? ??????? ????/ ???? ????. ??????? ?????? 2016/12/01 ???????? ????????.",1/12/2016 0:00:00,"1",18/4/2016 0:00:00,"????? ????",,0,102
20236.00,"???? ??? ?????",,"???? ????? ???? ??? ??? 2825?/2012 ????? ???? ?????? ???? ??/ ??? ?????? ???? ??? ????????? ?????/ ???? ???? ???? ??? ?????.",1/6/2016 0:00:00,"1",8/5/2016 0:00:00,"?. ???? ??? ?????","?? ????? ????? ?????? ??????? ?????? ?. ???? ??? ?????? ?? 2016/08/22 ??? ??????? ????? ?????? ???? 2015 ?? 2016/08/22.",0,139
20240.00,"???? ??? ?????",,"???? ??? ???? ?????? ???????? ????????? ??????? ?????? ??????? ????????? ?????? ?????? ??? 8 ?? ????? ????? ????? ?????? ?????? ?? ????? ??????? ???????? ????? ???? ????????? ?? ?????? 5-5-2016",5/5/2016 0:00:00,"1",9/5/2016 0:00:00,"?. ???? ??? ?????","???? ?????:
- ???? ????: 2020/04/06.",0,139
20443.00,"???????",,"?????? ??????? ?? ????? ???? ??????? ????????? ???????? ??? ???? ???? ??? ????? ????? ????????? ?????? 31-5-2016.",31/5/2016 0:00:00,"2",5/6/2016 0:00:00,"??? ???????",,0,28
20444.00,"???????",,"??? ????? ?????? ?????/ ???? ???? ???? ????? ??? 17063477 ????? ??? ??? NSGB ?????? 2-6-2016 ????? ???? ?????? ????? ???? ?????? ?????/ ???? ???? ????? ???????.",,"1",5/6/2016 0:00:00,"??? ???????",,0,28
20445.00,"???????",,"??? ????? ?? ???? ??????? ?????/ ???? ???? ?????? ?? ??????? ??? ??? ??????? ?? ?????? ??????? ????????? ???? ??????? ??????? ??????? ?? ???????? ???? ?? ???? ????? ?? ????? ????? ?????? ?????/ ???? ???? ?????",,"2",5/6/2016 0:00:00,"??? ???????",,0,28
20446.00,"???????",,"??? ??? 3 ??????? ?????? ?????/ ???? ??? ?????? ???? 3 ??????? ????? ?? ?????/ ???? ???? ????? ????? ????? ???? ???? ??????? ?????? ??????? ????? ??????? ?????????? ????? ?????? ???????? ?????? ??????? ?????????.",2/6/2016 0:00:00,"3",5/6/2016 0:00:00,"??? ???????",,0,28
20447.00,"???????",,"??? ????? ????? ??? ?????? ??????? ????????? ????? ??????? ?????????",31/5/2016 0:00:00,"10",5/6/2016 0:00:00,"??? ???????",,0,28
20448.00,"???????",,"??? ?????? ?? ??? ??? ?????? ??? ???? ??????? ?????????? ????? ???? ?????? ???? ???? ???? ?????? ????? ????? ???? ???? ?? ???? ????????? ???? ???? ?????? ????? ????? ?????.",31/5/2016 0:00:00,"1",5/6/2016 0:00:00,"??? ???????",,0,28
20449.00,"???????",,"?????? ??????? ?? ????? ????? ???? ??????? ????????? ???????? ?? ????? ?????? ??? ????? ?????? ?? ?????? ??? 371 ???? 5?.",31/5/2016 0:00:00,"4",5/6/2016 0:00:00,"??? ???????",,0,28
20498.00,"????? ??????",,"??? ????? ?????? ???? ????? ????? ??????? ?????/ ????? ???? ??? ????? ????? 75 ??? ???? ?? ???? ????? ??????.",13/7/2014 0:00:00,"1",12/6/2016 0:00:00,"????? ????",,0,102
20499.00,"????? ??????",,"??? ????? ???? ????? ???? ?????? ?. ????? ???? ???? ???? ????? ??? ??? ???? ????? ??????/ ????? ???? ??? ?????? ????? ?? 14 ????? 2016. ?????? ?????? 2016/08/01 ???????? ?????? ??? ???????.",1/8/2016 0:00:00,"1",12/6/2016 0:00:00,"????? ????",,0,102
20613.00,"????? ??????",,"??? ????? ???? ????? ???? ?????? ?. ????? ???? ????? ??????? ????? ????? ???? ???? ??? ????? ??????/ ????? ????. ??????? ?????? 2016/07/20 ???????? ?????? ??? ???????.",20/7/2016 0:00:00,"1",20/6/2016 0:00:00,"????? ????",,0,102
20723.00,"?????? ??????",,"??? ???? ????? ??? ?????????? ?????? ????? ?????? ??????.",,"1 ???",1/6/2015 0:00:00,,,0,3
20726.00,"???????",,"??? 1 ??? ???? ???? ????? ""??? ????? ???? ????? ????"" ?????? ??????????.",,,1/6/2015 0:00:00,,,0,69
21081.00,"?????? ??????? ????????? ?? ??? ????? ??????","885 ???? 2013","??? ??? ??????? ?? ?????? ????????? ???? ?? ???? ??????? ???????? ??????? ??????? ??????? ???? ?? ???? ???? ???? ?? ?????? ??????? ???? ???? ???? ?????? 25-8-2016 ?????? ??? ????? ???????.",23/8/2016 0:00:00,"44",28/8/2016 0:00:00,,,0,106
21118.00,"????? ??????",,"??? 4 ???? ???? ??? ????? ??? ??? ?? ?????? ????? ????? 2011 (????? ??? 80181) ??? ???? ??????? ?????? ??????? ???????? (??? ???) ????? ????? ?????? (??? ????)? ???? ?? ????? ?????? ???? ???? ?? ???? ????? ?? ???? ??????? ???????.",,"9",6/9/2016 0:00:00,,,0,102
21119.00,"????? ??????",,"??? 4 ???? ???? ??? ????? ??? ??? ?? ?????? ????? ????? 2011 (????? ??? 80182) ??? ???? ??????? ?????? ??????? ???????? (??? ???) ????? ????? ?????? (??? ????)? ???? ?? ????? ?????? ???? ???? ?? ???? ????? ?? ???? ??????? ???????.",,"9",6/9/2016 0:00:00,,,0,102
21120.00,"????? ??????",,"??? 4 ???? ???? ??? ????? ??? ??? ?? ?????? ????? ????? 2011 (????? ??? 80183) ??? ???? ??????? ?????? ??????? ???????? (??? ???) ????? ????? ?????? (??? ????)? ???? ?? ????? ?????? ???? ???? ?? ???? ????? ?? ???? ??????? ???????.",,"9",6/9/2016 0:00:00,,,0,102
21121.00,"????? ??????",,"??? 4 ???? ???? ??? ????? ??? ??? ?? ?????? ????? ????? 2011 (????? ??? 80184) ??? ???? ??????? ?????? ??????? ???????? (??? ???) ????? ????? ?????? (??? ????)? ???? ?? ????? ?????? ???? ???? ?? ???? ????? ?? ???? ??????? ???????.",,"9",6/9/2016 0:00:00,,,0,102
21122.00,"????? ??????",,"??? ???? ???? ?? ???? ????? ?????? ???? ?????? ??????? ???????? ??????? ?????? ??????? ???????? ????? ???? ??????? ?????? ?? ????? ??????? ??????.",,"1",6/9/2016 0:00:00,,,0,102
21123.00,"????? ??????",,"??? ???? ???? ?? ???? ????? ?????? ???? ?????? ??????? ???????? ??????? ?????? ??????? ???????? ?????? ?????? ??? ??????? ???????? ?????? ??????? ???????? ????? ???? ?????????? ???? ?? ???? ??? ????? ????? ??????? ???????? ??????? ?????? ????? ?? ???? ???? ???????.",,"9",6/9/2016 0:00:00,,,0,102
21171.00,"??????",,"??? ?????? ?? ????? ??????? ??? 29837 ??? ????? ?????? ???????? ????????? (???? A3).",1/7/2009 0:00:00,"3",25/9/2016 0:00:00,,,0,2
21445.00,"???? ??????","1588 ???? 2016","??? ??? ????? ?????? ??? ?????/ ???? ???? ???? ?????? ???????/ ??? ??? ??????? ????? ???? ??? ????? ???? ?? ???? ??????? ??????? ????????. ???? ?? ???? ????? ?? ????? ????? ?????? ??????/ ??? ??? ??????? ?????.",3/11/2016 0:00:00,"4",7/11/2016 0:00:00,"???? ????????",,0,149
21446.00,"???? ??????","1588 ???? 2016","??? ????? ??? ???? ?? ??????/ ??? ??? ??????? ????? ????? ?????/ ???? ???? ???? ??????? ??? ???????? ?? ?????? ??? 1588 ???? 2016.",3/11/2016 0:00:00,"1",7/11/2016 0:00:00,"???? ????????",,0,149
21527.00,"????? ?????","21341/MCB/DDA","??? ????? ???? ????? ???? ?????? ?. ????? ???? ?? 2020/08/05 ???? ????? ?????? ?? ???? ????? ???? ??????? ??????? ??? 21341 ??? ???? ????? ??????? ??????? ???????? ?????? (??????) ?? ???? ????? ????? (????? ????).",9/11/2016 0:00:00,"1",10/11/2016 0:00:00,"??? ???????",,0,147
21580.00,"????????",,"??? ???? ???? ?? ???? ????? ???????? ?????? ????? ?????? ?? ???? ????????? ???? ?? ??????? ???? ??????? ???? ?????? ?????? ??????.",13/11/2016 0:00:00,"1",14/11/2016 0:00:00,"??? ???????",,0,164
21612.00,"??? ????? ??????",,"?? ????? ??? ????? ???? ?????? ????????? ???????- ??? ????? ?????? ????? ??? ???? ?????? ????????? ????? ?????? ?? ?????? ??? 1214 ???? 133? ?? ????? ??????? ??????? ?????? 7-9-2016 ??????? ?? ???? ??? ???? ????? ?? ???? ???????",21/11/2016 0:00:00,"5",17/11/2016 0:00:00,"???? ????????","?? ?????? ??????",0,1
21633.00,"????????",,"??? ???? ???? ?? ???? ????? ???????? ?????? ????? ?????? ?? ???? ????????? ???????? ???? ?????? ???? ??? ??????? ???? ????? ???? ??????? ??????? ????? ?? ???????.",17/11/2016 0:00:00,"1",20/11/2016 0:00:00,"??? ???????",,0,164
21634.00,"???????? ????????",,"??? ????? ???? ??? ?? ???? (??????? ?????) ?????/ ???? ???? ???? ????? ?????? ?????? ?????? ?? ?????? ???? ????? ????? ?????? ???? ??? ???? ??? ??????? ????? ???? 200 ??? ???? ?????? ??????.",20/10/2016 0:00:00,"4",20/11/2016 0:00:00,"??? ???????",,0,165
21635.00,"???????? ????????",,"??? ????? ???? ??? ?? ???? (??????? ??????) ?????/ ???? ???? ???? ????? ?????? ?????? ?????? ?? ?????? ???? ????? ????? ?????? ???? ??? ???? ??? ??????? ????? ???? 200 ??? ???? ?????? ??????.",31/10/2016 0:00:00,"4",20/11/2016 0:00:00,"??? ???????",,0,165
21636.00,"???????? ????????",,"??? ????? ???? ??? ?? ???? (??????? ??????) ?????/ ???? ???? ???? ????? ?????? ?????? ?????? ?? ?????? ???? ????? ????? ?????? ???? ??? ???? ??? ??????? ????? ???? 200 ??? ???? ?????? ??????.",6/11/2016 0:00:00,"4",20/11/2016 0:00:00,"??? ???????",,0,165
21683.00,"???? ????",,"??? ??????? ????? ??? ???? Europe Distribution Service ????? L'institut du bien-etre.",,"18",27/11/2016 0:00:00,"??? ???????",,0,78
21684.00,"???? ????",,"???? ????? ?? ???? ?????? ??????? ?????? ??????? ?????? ""?????????"" ?????? ?????? ???? ?????????? ?????? ??? ??????? ??????.",1/9/2016 0:00:00,"5",27/11/2016 0:00:00,"??? ???????",,0,78
21685.00,"???? ????",,"??? ???? ???? ?? ?????/ ???? ???? ????? ????? ???? ????? ???? ?????????? ?????? ??? ??????? ??????? ??? ??????/ ???? ???? ??? ??????? ??????? ????? ?????? ??????? ?????? ?????? ""?????????"" ??????. ???? ?? ???? ??????? ?????? ???????.",9/8/2016 0:00:00,"2",27/11/2016 0:00:00,"??? ???????",,0,78
21711.00,"?????? ??????? ????????? ?? ??? ????? ??????","885 ???? 2013","??? ???? ???? ??????? ???? ??? ?????? ???? ????? ???? ??????? ???????? ???? ?? ???? ?? ???? ???? ?? ???? ??????? ??????? ???? ???? ???? ?????? 29-11-2016 ?????? ??? ?????? ???????.",7/11/2016 0:00:00,"5",30/11/2016 0:00:00,"??? ???????",,0,106
21733.00,"????????",,"???? ????? ????? ?? ????? ????? ??? ??? ?????/ ???? ???? ?????? ?????",17/8/2016 0:00:00,"6",4/12/2016 0:00:00,"??? ???????",,0,164
21837.00,"????? ?????","21341/MCB/DDA","??? ???? ???? ?? ?. ??? ?????? -???? ???? ??????? ?? ?????? ????????? ???? ?? ??? ?????? ?????? ???????? ?????? ???????? ??? (2) ?????? ?? ???? ???????",11/12/2016 0:00:00,"7",21/12/2016 0:00:00,"??? ???????",,0,147
21893.00,"????","4939 ???? 2014","????? ???? ????? ???? ??? ??? ??????? ?????? ????? ????",5/1/2017 0:00:00,"4",12/9/2018 0:00:00,"????? ????"," ?? ????? ??? ?????? ????????? ?? ????? ?????? ?? ????? ???? ??????? -??????? 49 ???? -?? ?????? ??? 4939 ???? 2014 ????? 2015/10/31. ???? ?? ??? ????? ??????? ????????? ??? ??????? ?????? ?? ??????.",0,100
21954.00,"???????",,"??? ????? ?????? (????? ?????) ????? ???? ?? ?????? ?????/ ???? ??????? ????? ?????? ????? ????? ?????? ?????? ???????????? ??????? ???? ????? ??? ????? 12 ????? ???? ??? ????????? ???????? ?? ?????? ??? 371 ???? 5?",4/1/2017 0:00:00,"1",9/1/2017 0:00:00,"??? ???????",,0,28
22152.00,"??????","83 ???? 2016","???? ????? ????? ?? ?????? ?????? ??????? ??????? -??????? ???????? ???????? ???? ?????? ?????? ??? ??? ??????? ?????? ?? ?????? ???? ?????? ??? 83 ???? 2016? ??? ?? ?? ???? ????? ???????. ???? ????? ?????? ?? ?? ????? ?????? ??????? ?????.",6/2/2017 0:00:00,"1",5/2/2017 0:00:00,"????? ????",,0,163
22288.00,"????? ??????? ???????","??? ??? ?????? ???? ?????","??? ????? ???? ????? ???? ?????? ?. ????? ???? ???? ????? ?????/ ???? ??? ??? ?????? ????? ???? ???? ?? ????? ??? ???????? ???? ?? ???? ????? ??? ?????. ???? ??? ???? ????? ?? ??????? ???? ?? ???????.",7/3/2017 0:00:00,"1",26/2/2017 0:00:00,"????? ????","?? ????? ??????? ?????? ????????",0,31
22289.00,"????? ??????? ???????","??? ??? ?????? ???? ?????","??? ????? ???? ????? ???? ?????? ?. ????? ???? ???? ????? ?????? ????/ ?????? ???? ??????? ???? ??? 8683 ????? ?? ???? ??? ???? ????? ?????? ?????. ???? ??? ???? ????? ?? ????????? ???? ?? ????????.",14/3/2017 0:00:00,"1",26/2/2017 0:00:00,"????? ????","?? ????? ??????? ??????",0,31
22518.00,"???????","441 ???? 2012","??? ????? ???? ?? ???? ""???? ??? ?????? ????"" ????? ????? ""??? ???? ?????"" ???? ?????? ????????? ????? ?????? ?? ?????? ??? 441 ???? 2012 ?????? ?????? 29-1-2015? ???? ?? ??? ?????? ????????? ????????.",20/3/2017 0:00:00,"15",23/3/2017 0:00:00,,,0,69
23074.00,"?????","10427 ???? 2012 ","??? ????? ?????? ????????/ ????? ???????? ???? ???? ?. ???? ??? ????? ?????? ????? ???? ????? ??????? ??????? ????????? ?? ??? ??????? ?? ????? ?????? ???? ????????? ????????? ?????? ??????? ?????????",13/6/2017 0:00:00,"1",21/6/2017 0:00:00,,,0,45
23075.00,"?????","10427 ???? 2012 ","??? ????? ???? ????? ???? ?????? ?. ????? ???? ???? ???? ?? ???? ???? ????? ??????? ??????? ?. ???? ?????? ???? ??? ???? ?. ???? ??? ????? ????? ????????? ?? ??? ??????? ?? ????? ?????? ???? ????????? ????????? ?????? ??????? ?????????",19/7/2017 0:00:00,"3",21/6/2017 0:00:00,,,0,45
23112.00,"?????","10427 ???? 2012 ","??? ????? ???? ????? ???? ?????? ?. ????? ???? ???? ???? ?? ???? ?????? ?????? ??????? ??????? ?. ???? ????? ???? ??? ???? ?. ???? ??? ????? ????? ????????? ???? ????? ?????? ??? ?????? ?????? ??? ???????? ????????? ?????? ??? ??? ?????",19/7/2017 0:00:00,"2",4/7/2017 0:00:00,,"?? ????? ????????? ????????",0,45
23224.00,"?????? ??????","??????? ??????? ?? ????? ????? ??????????","??? ????? ???? ????? ???? ????? ????????? ??????? - ??? ????? ?????? ???? ???????? ???? ??? 2 ????? ?????? ?? ???? ?????? ??? ??????? ????? ???? ??? ????? ??????? ?????? ?????? ?? ??????? ???? ??????? ??????? ?????? ???? ?? ????? ????? ?????????? ????? ??????? ??????? ??? 1316 ?????? 18-7-2012.",23/8/2017 0:00:00,"3",27/7/2017 0:00:00,,"?? ????? ????????? ???????",0,3
23225.00,"?????? ??????","??????? ??????? ?? ????? ????? ??????????","???? ????? ?????? ???? ?????? ??? ???????? ?????? ????? ???????/ ???? ??? ???? ??? ?????? ??????? ?? ????? ?? ??????? ??????? ?????? ???? ?? ????? ????? ?????????? ????? ??????? ??????? ??? 1316 ?????? 18-7-2012.",23/8/2017 0:00:00,"1",27/7/2017 0:00:00,,"?? ????? ????????? ???????",0,3
23286.00,"????? ??????? ???????? ????????","???? ??????? ?? ???? ??????","??? ??? ???????? ?????? ????????? ???????? ?? ???? ?????? ??????? ???????? ?? ?????? ???????? ??????? ?????? ???????? ???????? ????? ??? ??? 3 ???? ?????? ??????? ????? ?? ????? ??????? ?????????? ???? ????? ?????? ?? ????????? ??? ?????? ??????? ???? ??????.",,"62 + ??? ????",6/8/2017 0:00:00,,,0,132
23287.00,"????? ??????? ???????","??? ??? ?????? ???? ?????","??? ????? ???? ????? ???? ?????? ?. ????? ???? ???? ??? ???????? ??? ??? ?????? ???? ?????? ????? ??? ???? ???? ??????? ??????????? ????? ???????? ???? ???? ????? ?????????? ???? ??? ???????? ???? ?????? ????? ??????? ??????? ?????? ?????????.",22/11/2017 0:00:00,"1",6/8/2017 0:00:00,,"??? ????????? ?????? ?????????? ??? M-Files - ??? ??? ????? ???? ??? ??????",0,31
23288.00,"????? ?????","21341/MCB/DDA","??? ??????? ??????? ?? ????? ????/ ??? ?????? ???? ??????? ?? ???? ?????? ?????????.",5/8/2017 0:00:00,"9",6/8/2017 0:00:00,"??? ???????",,0,147
23320.00,"????? ?????","21341/MCB/DDA","??? 2 ??? ??????? ??????? ?? ????? ????/ ???? ???? ???? ??? ???? ?????? ?????????? ??? ??????? ????? ?????????? ?????? ??? ????.",2/7/2017 0:00:00,"6",9/8/2017 0:00:00,"??? ???????",,0,147
23321.00,"?????? ????",,"??? ????? ?????? ?????/ ???? ?????? ???? 9 ??? ??????? ???? ???????? ?? ???? ??? ?????.",16/6/2016 0:00:00,"1",9/8/2017 0:00:00,,,0,140
23327.00,"????? ????? ??????",,"??? ????? ????? ????? ?????? ???? ??????? ????? ?? ??????? ?????? ???????? ???????? ?????????? ???????? ???????? ?????? ??????? ???????? ????????.",19/4/2016 0:00:00,"1",10/8/2017 0:00:00,"??? ???????",,0,84
23341.00,"????? ????????","????? ???? ?????? ???????","???? ????? ?? ?????? ?????? ?? ????? ???????? ??? ???? ???? ????? ??? ????? ?????? ???? ??? ????? ?????? ?? ????? ???? ????????? ?????? ?????? ?????? ??? 263 ???????? ???????? -?????? ?????? -??????? ???????? ???? ?? ???? ????? ?? ????? ???? ???????? ????? ???????? ????????.",2/6/2014 0:00:00,"2",14/8/2017 0:00:00,,,0,178
23342.00,"????? ????????","????? ???? ?????? ???????","??? ????? ?????/ ???? ???? (???? ?????? ????????) ???????? ??? ????? ?????? ?????? ?????? ?????? ?? ?????/ ???? ??? ?????? ????? ???????? ???? ???? ?????? ??????? ??????? 1.4 ????? ???? ???? ??????? ????? ??????? ????? ??????? ???????? ??? ?????? ?????? ???????? ???????? -?????? ?????? -??????? ???????",30/9/2016 0:00:00,"1",14/8/2017 0:00:00,,,0,178
23343.00,"????? ?????","21341/MCB/DDA","??? ??????? ??????? ?? ???????/ ????? ???? ???? ????? ???? ???? ?????? ?????????. ???? ?? ????? ???????.",9/8/2017 0:00:00,"54",14/8/2017 0:00:00,"??? ???????",,0,147
23346.00,"????? ?????","21341/MCB/DDA","??? ???? ???? ????? ??? ????? ?? ???? ??? ???????? ???? ?? ???? ????? ?????? ?? ??????? ????? ?? ??????? ????????? ????? ?????? ?????? ???? ????? ????? ??????? ?????? ?? ???? ???????? ??????? ?????? ?????",13/8/2017 0:00:00,"19",14/8/2017 0:00:00,"??? ???????",,0,147
23350.00,"????? ?????","21341/MCB/DDA","??? 2 ???? ?? ??? ????? ??? ?????? ???? ????? (????? ???? ??????) ????? ??????? ???? ????? ???? ??? ?????? ????? ?????? ???? ?????? ????? ?????? ?????.",6/4/2017 0:00:00,"46",15/8/2017 0:00:00,"??? ???????",,0,147
23351.00,"????? ?????","21341/MCB/DDA","??? 2 ???? ?? ??? ??????? ????? ?????? ???? ????? (????? ???? ??????) ??? ????? ?????? ???? ??????? ?????? 6 ????? 2017.",13/8/2017 0:00:00,"26",15/8/2017 0:00:00,"??? ???????",,0,147
23476.00,"???? ????","320 ???? 6? ?335 ???? 7?","??? ????? ???? ????? ???? ?????? ?. ????? ???? ????? ??? ????? ?? ????? ?????? ?? ????? ????? ?? ????? ??? 3034 ???? 82?? ????? 2013/11/06. ??????? ?????? 2017/11/05 ???????? ????????.",5/11/2017 0:00:00,"1",10/9/2017 0:00:00,"????? ????",,0,118
23477.00,"???? ????","320 ???? 6? ?335 ???? 7?","??? ????? ???? ????? ???? ?????? ?. ????? ???? ???? ????? ??????? ??? ?? ???? ????? ??????? ??????? ?? ?????? ????????. ?????? ?????? 2017/11/06 ??????? ????????.",6/11/2017 0:00:00,"1",10/9/2017 0:00:00,"????? ????",,0,118
23545.00,"?????? ????????? ?????????","????? ??? 1176 ???? 2017","??? ????? ?????? ?? ???? ??????? ??????? ????? ??????? ???????? ??????? ??????? ?????? ?????? 13 ?????? 2017? ???? ?? ????? ???????? ????? ?????? ?????? ?? ?????? ?????? ?? ?????.",13/9/2017 0:00:00,"58",17/9/2017 0:00:00,"??? ???????",,0,174
23641.00,"????? ??? ?????? Eg-Gate","????? ?.?.?","??? ?? ????? ????????? ?????? ???? ????? ??? ?????? Egyptian Global Gate? ???? ?? ??? ????? ???? ????? ???? ?????? ???? ???? ???? 5 ??? ???? ?? ??????? ???????.",1/10/2017 0:00:00,"26",3/10/2017 0:00:00,,,0,150
23734.00,"????? ??? ?????? Eg-Gate","????? ?.?.?","??? ????? ???? ?? ????? ???????? ?????? ?????/ ???? ???? ???? ???? ?? ????? ????? ??????? ?? ??????? ??? ????? ????????? ????? ?????? ?????? ???? ????? ??? ??????.",8/10/2017 0:00:00,"1",12/10/2017 0:00:00,,,0,150
23735.00,"????? ??? ?????? Eg-Gate","????? ?.?.?","??? ????? ?????? ???? ????? ????????? ??????? ?????? ????????? ???? ???? ???? ?? ???? ??? ????? ???? ??????? ????? ??? ?????? ???? ?????? ?????? ??????? (???? ????? ??? ??????)",11/10/2017 0:00:00,"3",12/10/2017 0:00:00,,,0,150
23986.00,"????? ??? ?????? Eg-Gate","????? ?.?.?","??? ????? ???? ????? ???? ?????? ?. ????? ???? ???? ???? ?? ???? ??? ????? ??????? ?????? ???????/ ???? ??? ?????? ???? ????????? ??? ????? ?????????? ?????????? ??????? ????? ????. ???? ?? ??? ???? ??????? ?????? ?????? ??? ?????? ???????. ????? ????? ?? 2018/03/14 (??? ?????? ????? ??????)",26/10/2017 0:00:00,"1",1/11/2017 0:00:00,,,0,150
24027.00,"????? ??? ?????? Eg-Gate","????? ?.?.?","??? ???? ?? ???? ??? ????? ??????? ??????? ???? ???? ???? ?????? ??????? ?? ????? ??????.",1/11/2017 0:00:00,"1",8/11/2017 0:00:00,,,0,150
24036.00,"????? ?????","21341/MCB/DDA","??? ???? ?? ?. ??? ?????? ???? ???? ??????? ??????? ???? ??? ?????? ?????? ???? ????? ????? ?? ????? ???????? ??? (3) ?????? ?? ???? ??????? ?????? 26/10/2017.",5/11/2017 0:00:00,"25",8/11/2017 0:00:00,"??? ???????",,0,147
24073.00,"????? ??? -??????","??????? ????? ???? ???? ??????","???? ????? ?? ????? (?????? ??????????) ????? ???? ???? ???? ?????? ???????? ???????? ?? ???? ??? ???????? ??????????? ????? ??? ??????? ?????? ??? ?????? ??????? ???????. ???? ?? ?????? ??????? ???? ??? ??????? ???? ????? ??????? ????? CD.",,"80",15/11/2017 0:00:00,,,0,181
24167.00,"??????","353 ???? 2014","??? ?????? ????????? ????? ?????? ?? ????? ?????? ?????????? ?? ?????? ??? 353 ???? 2014 ?????? 12/7/2015. ??? ????? ??? ??????? ??????? ????????? ?? 2018/1/9.",28/11/2017 0:00:00,"8",28/11/2017 0:00:00,,,0,133
24799.00,"????? ??? ?????? Eg-Gate","????? ?.?.?","??? ???? ?? ?????? ????? ?????? ??????? ?????? ??????? ???? ??? ?????? ???? ????? ?????/ ????? ??? ?????? ?????? ?? ????? ??? ?????? ??????? ?????? ?? ???? ??????? ?????? ??????.",31/12/2017 0:00:00,"1",29/1/2018 0:00:00,,,0,150
24801.00,"????? ??? ?????? Eg-Gate","????? ?.?.?","??? ???? ?? ????? ????????? ?????????? ????????? ??????? ???? ??? ?????? ???? ????? ?????/ ???? ?????? ????? ???? ???? ????? ??? ?????? ?????? ???? ????? ??? ??????.",23/1/2018 0:00:00,"1",29/1/2018 0:00:00,,,0,150
24813.00,"????? ??? ?????? Eg-Gate","????? ?.?.?","??? ????? ???? ????? ???? ?????? ?. ????? ???? ???? ???? ?? ????? ??????? ?????? ???????/ ???? ??? ?????? ???? ???? ????? ?????/ ???? ????? ?????? ?????? ?? ????? ??? ?????? ??????? ??????? ???? ??????? ??? ???? ???? ??????? ?????? ????????? ???? ????? ???? ?????? ??????? ????? ????? ????? ?????? ??????. ?????? ?????? 2018/02/05 ??????? ???????.",23/1/2018 0:00:00,"1",30/1/2018 0:00:00,,"?? ????? ??????? ???????",0,150
25053.00,"????? ??? ????",,"??? ????? ?????? ?????/ ???? ??? ???? ??? ?????? ??? ??????? ????? ??????? ???????? ?????? ????? ????? ??? ????.",19/2/2018 0:00:00,"1",21/2/2018 0:00:00,,,0,83
25063.00,"????? ????","3511? 3610 ???? 134?","??? ????? ???? ????? ???? ?????? ?. ???? ???? ???? ?????? ????????? ????? ?????? ?? ?????? ???????? ????? 2018/1/18. ????? ????? ?? 2018/03/12. (???? ???? ????????? ???????? ??????).",20/2/2018 0:00:00,"1",22/2/2018 0:00:00,,,0,151
25126.00,"??? ????????? ??????"," ","???? ????? ?? ????? ???????/ ???? ??? ???? ??? ?????? ????? ???? ????? ???? ??? ??????? ?????????. ???? ?????? ?? ??????? ????? ?????? ???????/ ???? ????. ???? ?? ???? ????? ?? ????? ????? ?????? ???????/ ???? ??? ????",16/10/2017 0:00:00,"2",27/2/2018 0:00:00,,,0,166
25341.00,"????? ??? ?????? Eg-Gate","????? ?.?.?","??? ???? ?? ???? ??? ????? ??????? ?????? ???????/ ???? ??? ?????? ???? ????? ????? ?????? ??????? ?? ????? ????????? ?????? ?????? ??? ?????? ??????? ??????? ???? ?? ???? ????? ?? ?????? ????? ?????? (????? ???????) ???? ?????? ?????? ?? ??????? ?????? 2017/10/26",7/3/2018 0:00:00,"2",15/3/2018 0:00:00,,,0,150
25344.00,"????? ??? ?????? Eg-Gate","????? ?.?.?","??? ?????? ?? ????? ??????? ???? ""????? ??? ?????? (???????)"" ???? 114663? ???? ?? ???? ?? ???????? ???? ????? ?????? ????? ??????? ?????",7/2/2018 0:00:00,"6",11/2/2018 0:00:00,,,0,150
25346.00,"????? ??? ?????? Eg-Gate","????? ?.?.?","??? ??? ????? ???? ???? ???? ??? ??????? ??? ?????? ????? ??? ????? ??????.",5/12/2017 0:00:00,"3",11/2/2018 0:00:00,,,0,150
25348.00,"????? ??? ?????? Eg-Gate","????? ?.?.?","???? ????? ?? 4 ?????? ???? ?? ???? ??? ????? ????? ???? ???????? ????? ????? ????? ????????? ?????????? ?????? ???????? ?????? ??? ?????? ??????? ??????? ?????? ???? ???. ???? ????? ???????? ??? ??????? ?????.",28/12/2018 0:00:00,"8",11/2/2018 0:00:00,,,0,150
25350.00,"????? ??? ?????? Eg-Gate","????? ?.?.?","???? ????? ?? ??? ???? ????? ??? ?????? (???????) ?.?.?? ???? ????? ?????? ?? ??????? ?????.",,"1",11/2/2018 0:00:00,,,0,150
25352.00,"????? ??? ?????? Eg-Gate","????? ?.?.?","???? ????? ?? ???? ?????? ??????? ?????? ????????? ??????? ???? ????? ?????? ????? ??????? ?????.",3/1/2018 0:00:00,"5",11/2/2018 0:00:00,,,0,150
25354.00,"????? ??? ?????? Eg-Gate","????? ?.?.?","???? ????? ?? ??? ????? ?? ????? ???????? ???? ????? ?????? ????? ??????? ?????.",7/2/2018 0:00:00,"1",11/2/2018 0:00:00,,,0,150
25356.00,"????? ??? ?????? Eg-Gate","????? ?.?.?","???? ????? ?? ??? ??? ?? ????? ???????? ???? ????? ?????? ????? ??????? ?????.",24/12/2018 0:00:00,"4",11/2/2018 0:00:00,,,0,150
25358.00,"????? ??? ?????? Eg-Gate","????? ?.?.?","???? ????? ?? ????? ?????? ????? ?? ??????? ????? ?????? ???????? ??????? ??????? ??????? ???? ????? ?????? ????? ??????? ?????.",24/12/2017 0:00:00,"1",11/2/2018 0:00:00,,,0,150
25360.00,"????? ??? ?????? Eg-Gate","????? ?.?.?","???? ????? ?? ????? ????????? ??????? ???? ?? ???? ????? ?? ???? ????? ???????? ????? ????? ?? ???? ?????? ???????? ?????? ?????? ????????? ???????? ????? ???? ??????? ?????? ??????. ???? ????? ?????? ????? ??????? ?????.",24/12/2017 0:00:00,"26",11/2/2018 0:00:00,,,0,150
25364.00,"????? ??? ?????? Eg-Gate","????? ?.?.?","???? ????? ?? ??????? ???????? ??????????? ??????? ???? ????? ?????? ????? ??????? ?????.",24/12/2017 0:00:00,"1",11/2/2018 0:00:00,,,0,150
25366.00,"????? ??? ?????? Eg-Gate","????? ?.?.?","???? ????? ?? ????? ????? ???? ?????? ???? ????? ?????? ????? ??????? ?????.",24/12/2017 0:00:00,"1",11/2/2018 0:00:00,,,0,150
25368.00,"????? ??? ?????? Eg-Gate","????? ?.?.?","??? ???? ?? ???? ??? ????? ??? ?????? ??????? ??????? ???? ????? ??? ????? ????? ???? ????????? ???? ????? ???? ????? ???? ??????? ?????/ ????? ??? ?????? ?? ???????? ???? ?????? ????????",28/12/2017 0:00:00,"1",11/2/2018 0:00:00,,,0,150
25486.00,"????? ??? ?????? Eg-Gate","????? ?.?.?","???? ???? ???? ?? ?????? ??? ???? ??? ????? ??????? ?????? ?????? ????? ?????????? ???? ???? ?????? ?? ??????? ????? ?? 2018/03/26 ????????.",15/3/2018 0:00:00,"28",28/3/2018 0:00:00,,,0,150
25488.00,"????? ?????","21341/MCB/DDA","??? ????? ??????/ ??? ?????? ???? ??????? ?? ???? ?????? ????????.",,"28",28/3/2018 0:00:00,"??? ???????",,0,147
25490.00,"????? ?????","21341/MCB/DDA","??? ??????? ??????? ???????/ ????? ???? ???? ????? ???? ???? ?????? ?????????.",20/3/2018 0:00:00,"12",28/3/2018 0:00:00,"??? ???????",,0,147
25492.00,"????? ?????","21341/MCB/DDA","??? 2 ???? ?? ??? ????? ???? ????? (????? ???? ??????) ??? ????? ?????? ?????? ?? ?????/ ???? ???????.",21/3/2018 0:00:00,"54",28/3/2018 0:00:00,"??? ???????",,0,147
25729.00,"????? ?????","21341/MCB/DDA","??? ????? ?????? ????? ???? ??? ??????? ????? ?????? ?? ?????/ ??? ??? ?? Port Consultants Rotterdam",,"6",11/4/2018 0:00:00,"??? ???????",,0,147
25730.00,"??????? ???","????? ??? 956 ???? 2014","??? ????? ??????? ?????/ ???? ???? ??? ????? ?????? ?? ?????? ?????????.",31/3/2018 0:00:00,"25",12/4/2018 0:00:00,"??? ???????",,0,121
25731.00,"??????? ???","????? ??? 956 ???? 2014","??? ??? ??????? ?????? ?? ???? ??????? ???????? ??????? ??????? ?????? ?????? 2018/03/29? ???? ?? ???? ???? ??? ?????? ?????",29/3/2018 0:00:00,"64",12/4/2018 0:00:00,"??? ???????",,0,121
26131.00,"?????","10427 ???? 2012","??? ????? ??? (1) ???? ????? ???? ????????? ???? ????? ??????? ??? 7 ?????? ?? ?????/ ???? ??? ??????.",8/5/2018 0:00:00,"3",13/5/2018 0:00:00,,,0,45
26195.00,"???? ???",,"???? ????? ?? ??? ????? ???? ?? ???? ??? ????? ??? ?????? ?????? ??????? ???????? ????? ???? ???? ???? ??????? ???????.",17/5/2018 0:00:00,"1",20/5/2018 0:00:00,"???? ?????",,0,214
26281.00,"?????? ??????",,"??? ????? ?? ?????????? ??????? ?????? ????? ?????? ???????? ?? ???? ???? ????. ???? ?? ???? ????? ?? ??????? ????????. ???????? ????? CD ???? ????? ??????? ????? word.",24/5/2018 0:00:00,"20",27/5/2018 0:00:00,"?. ???? ?????",,0,215
26331.00,"???? ???",,"??? ???? ?? ???? ??????? ??????? ???? ??? ??? ??????? ?????? ?? ??????? ????????? ??? ????? ??? ???? ?????? ???? ??????? ?????? ??? ????????.",31/5/2018 0:00:00,"1",31/5/2018 0:00:00,"???? ?????",,0,214
26455.00,"?????? ??????",,"????? ?????/ ???? ??? ???? ???? ????? ?????? ??????? ??????? ???? ?????? ??? ??????? ????????? ???? ?? ???? ?? ??? ??????? ???????? ???????",24/5/2018 0:00:00,"2",13/6/2018 0:00:00,"?. ???? ?????",,0,215
26480.00,"???? ???",,"???? ????? ????? ?? ???? ???? ?? ?. ???? ??? ????? ????? ??????? ???????? ??????? ??????? ?????? ??????? ???????? ???? ?????? ?? ???? ?????? ???? ???????? ????????? ?? ???? ????? ?????. ?????? ???? ???? ??????. ???? ?? ???? ????? ?? ????? ??? ??????? ???????.",21/6/2018 0:00:00,"3",24/6/2018 0:00:00,"???? ?????",,0,214
26817.00,"??????","12107? 12774? 12882 ???? 86?","???? ????? ?????? ????????? ???? ????? ????? ?????? ?? ?????? ????? 12107? 12774? 12882 ???? 86?? ?????? 2018/04/23. ???? ????? ?????? ?? ?? ????? ?????? ??????? ?????? ????? ??? ??? ????? ?? ?????? ??????? ??????? ????? ?????? ?????????.",15/7/2018 0:00:00,"15",15/7/2018 0:00:00,"????? ????",,0,163
26822.00,"?????????",,"??? ???? ??????? ?????? ??? ??????? ????? ????????? ???????? ?????? ?.?.?? ?????? ???????? ?? 1 ????? 2018.",,"5",16/7/2018 0:00:00,"?. ???? ?????",,0,216
26823.00,"?????????",,"??? ???? ??????? ?????? ??????? ????? ????????? ???????? ?????? ?.?.?? ?????? ???????? ?? 1 ????? 2018.",,"47",16/7/2018 0:00:00,"?. ???? ?????",,0,216
26974.00,"?????????",,"???? ????? ?? ??????? ?????? ???? ??????? ??? 118 ??????? ?????? 11/7/2018. ???? ?????? ?? ?? ?. ????? ???? ??????? ????? ?? 2018/08/07.",11/7/2018 0:00:00,"15",6/8/2018 0:00:00,,,0,216
26976.00,"??????",,"???? ????? ?? ????? ??? 146560 ??????? ??? ??? HSBC ??????? ?? ???? ?????? ?????? ?????? ????????? ??????? ????? ?????/ ???? ???? ???? ????? ????? 1736560.50 ????? ????? ?? ????? ???? ?????? ?????? ?. ???? ???????? ?? 2018/09/16.",1/8/2018 0:00:00,"1",6/8/2018 0:00:00,"?. ???? ?????",,0,2
27002.00,"??????","630 ???? 2016","??? ????? ???? ????? ???? ?????? ?. ???? ????? ???? ????? ???? ??? ?? ???? ???? ??? ??? 146560 ????? ??? ??? HSBC ??? ?????? ?????? ????? 1736560.50 ????? ??? ?????/ ???? ???? ???? ????. ????? ??? ??? ????? ?????? ????? ?????? ???? ????? ???? ?????. ???? ?????? ????????. ???? ???? ?? ???????.",16/6/2019 0:00:00,"4",14/3/2019 0:00:00,"?. ???? ?????","?? ?????? ?? ?????? ??? 630 / 2016",0,2
27065.00,"?????????",,"???? ????? ?? ???? ?? ??? ??????? ????? ????????? ???? ???????? ?? ????? ?????/ ???? ??? ???????? ???? ???? ????? ????? ?? ?????/ ????? ???????? ????. ???? ?????? ?? ?? ?. ????? ???? ??????? ????? ?? 2018/08/24 ??????? ????? ?????????.",26/8/2018 0:00:00,"1",28/8/2018 0:00:00,,,0,216
27150.00,"???? ????","843 / 9? ?121 / 5?","???? ????? ?? ?????? ????????? ????? ?????? ?? ????? ??????? ??????????? ?? ???????? ???? 843 ???? 3? ?121 ???? 5? ?????? 2018/01/09. ???? ????? ?????? ?? ?????? ???????? ?????.",9/1/2018 0:00:00,"11",8/10/2018 0:00:00,,,0,71
27293.00,"????? ??? ?????? Eg-Gate","????? ?.?.?","??? ????? ??????? ?????? ??????? ????? ????? ????? ???? ?????? ???? ??? ???????? ?????? ?? ?? ?????/ ???? ???????.",,"21",19/9/2018 0:00:00,,,0,150
27324.00,"??????? ???","????? ??? 956 ???? 2014","??? ????? (??????? ?????) ????? ??????? ?????/ ???? ????? ??? ????? ?????? ?? ?????? ?????????. ??? ??????? ?????? ???? ?????? -????? ??? ???.",,"21",23/9/2018 0:00:00,"??? ???????",,0,121
27325.00,"??????? ???","????? ??? 956 ???? 2014","??? ????? (??????? ?????) ??? ??????? ?????? ?? ???? ??????? ???????? ??????? ??????? ?????? ?????? 2018/03/29. ??? ??????? ?????? ???? ?????? -????? ??? ???.",,"40",23/9/2018 0:00:00,"??? ???????",,0,121
27539.00,"??? ????? ??????",,"????? ?????? ???????/ ???? ??? ????? ????? ???? ?????? ????????? ????? ????? ?????? ????? ??????? ????? ????? ??????? ?? ??????? ???? ?? ???? ???? ??????? ??????? ????? 27 ????",14/10/2018 0:00:00,"3",14/10/2018 0:00:00,,,0,1
27725.00,"???????","288 ???? 2010","??? ?????? ????????? ????? ?????? ?? ?????? ??? 288 ???? 2010 ????? 26-9-2017. ???? ?? ??? ????? ??????? ?????????.",17/10/2018 0:00:00,"7",25/10/2018 0:00:00,"???? ????",,0,24
27727.00,"?????? ??????",,"??? ????? ???? ????? ???? ?????? ?. ???? ???? (?? 2019/04/04) ???? ?????? ??????? ????? ""?????? ??????? ???????? ????????"" New Article of Associatio? ???? ?? ???? ????? ?? ???? Notary Public of London? ????????? ??????? ?? ????. (???? ??????? ????? ??????).",27/3/2018 0:00:00,"1",28/10/2018 0:00:00,"?. ???? ?????",,0,215
31576.00,"??????? ???","????? ??? 956 ???? 2014","??? ????? (??????? ??????) ??? ??????? ?????? ?? ???? ??????? ???????? ??????? ??????? ?????? ?????? 2018/03/29. ??? ??????? ?????? ???? ?????? -????? ??? ???.",,"40",11/12/2018 0:00:00,"??? ???????",,0,121
31716.00,"???????? ????????",,"???? ???? 30 ????? ???? ???????? ???? ?? ??? 3 ???? ????? ????? ??? ????????? ???????? ?? ??????? ??????? ??? 248 ????.",3/12/2018 0:00:00,"251",23/12/2018 0:00:00,"?. ??? ?????",,0,165
31718.00,"??????? ???","????? ??? 956 ???? 2014","??? ????? (??????? ??????) ????? ??????? ?????/ ???? ????? ??? ????? ?????? ?? ?????? ?????????. ??? ??????? ?????? ???? ?????? -????? ??? ???.",,"20",11/12/2018 0:00:00,"??? ???????",,0,121
32016.00,"??????? ????????",,"??? ????? ???? ????? ???? ????? ????????? ???????? - ??? ????? ????????? ?????? ??????? ?? ???? ???????? ???? ?????? ?? ?????? ??????? ????? ????? ?????? ???????",,"45",17/1/2019 0:00:00,"????? ????","?? ????? ????????? ???????? ????? 10/1/2021",0,224
32105.00,"?????","???? ??? 18 ???? 2018","??? 2 ??? ???? ?? ???? ???? ???????? ??????? ?????? ?????????? ???? ??? ???? ??? ???? ???? ???????? ??????? ?? ?????? ???????? ?????? ?????? ??????? ???.",20/1/2019 0:00:00,"14",21/1/2019 0:00:00,"????? ????",,0,188
32225.00,"?????? ??????",,"??? ????? ???? ????? ???? ?????? ?. ???? ???? (?? 2019/04/04) ???? ??????? ???? ??????? ?????? ??????? ?????? ??????? ???????? ?????? ?????? ?????? ??????? ???????? ""???? ????"". ???? ?? ???? ????? ?? ?????? ??????? ?????? ??????????. (???? ??????? ????? ??????).",28/1/2019 0:00:00,"1",30/1/2019 0:00:00,"?. ???? ?????",,0,215
32286.00,"????? ?????","21341/MCB/DDA","??? ????? ??? ????? ???? ?? ???????? ????????? ????? ????? ???????? ???????? ?? 2018/11/18 ??? 2018/11/27 ????? ??????? ??????? ??????",,"358",5/2/2019 0:00:00,"??? ???????",,0,147
32480.00,"?????? ??????",,"??? ????? ???? ????? ???? ?????? ?. ???? ???? (?? 2019/04/04) ???? ??? ????? ???? ?????? ??? ?????? ??? ???? ???? ???? ????????? (??? ??? -????) ????? ?????? ???? ??? ????? ?????? -??? ??? (??? ???? -??????). ???? ????? ????? ?????? ???????. (???? ??????? ????? ??????).",18/8/2018 0:00:00,"1",14/2/2019 0:00:00,"?. ???? ?????","???? ??? ???? ????? ?? ????? ??? ??? ????.",0,215
32483.00,"?????? ??????",,"??? ????? ???? ????? ???? ?????? ?. ???? ???? (?? 2019/04/04) ???? ???? ???? ????? ???? ?????? ??? ?????? ??? ???? ???? ???? ????????? ????? ?????? ???? ??? ????? ??????. (???? ??????? ????? ??????).",18/8/2018 0:00:00,"1",14/2/2019 0:00:00,"?. ???? ?????",,0,215
32489.00,"?????? ??????",,"??? ????? ???? ????? ???? ?????? ?. ???? ???? (?? 2019/04/04) ???? ????? (?????? ??????????) ?? ????? ??????? ?????? ???? -???????? ????????? ?????? ????? ""?????? ???? ??? ????? ??????"" ???????? ????? ????? ??????? ????????. ???????? ??? ??? ??? ????? ?????? ??????. (???? ??????? ????? ??????).",7/2/2019 0:00:00,"1",14/2/2019 0:00:00,"?. ???? ?????",,0,215
32490.00,"?????? ??????",,"??? ????? ???? ????? ???? ?????? ?. ???? ???? (?? 2019/04/04) ???? ????? ??? (?????? ??????????) ?? ????? ???? ????? ???? ""?????? ???? ??? ????? ??????"" ????????? ??? ????? ?????? ??? ?? ??? ?????? ???? ??? ???? ?????? ???? ?? ????? ??????? ?????? ????? ???????. (???? ??????? ????? ??????).",7/2/2019 0:00:00,"1",14/2/2019 0:00:00,"?. ???? ?????","?? ?????? ????????? ??????? ?????? ???? ???? ?? 2019/03/13.",0,215
32622.00,"?????? ??????",,"??? ????? ???? ????? ???? ?????? ?. ???? ???? (?? 2019/04/04) ???? ????? (?????? ???????) ?????? ??? ?? ????? ???? ????? ???? ""?????? ???? ??? ????? ??????"" ????????? ??? ????? ?????? ??? ?? ??? ?????? ???? ??? ???? ?????? ???? ?? ????? ??????? ?????? ????? ???????. (???? ??????? ????? ??????).",21/2/2019 0:00:00,"1",24/2/2019 0:00:00,"?. ???? ?????",,0,215
32624.00,"??????? ???","????? ??? 956 ???? 2014","??? ??????? ?????? ???? ???????.",19/2/2019 0:00:00,"5",24/2/2019 0:00:00,"??? ???????",,0,121
32900.00,"?????? ??????",,"??? ????? ???? ????? ???? ?????? ?. ???? ???? (?? 2019/04/04) ???? ????? Amendment to Reuters media services order form (???? ??????? ????? ??????).",,"1",17/3/2019 0:00:00,"?. ???? ?????",,0,215
33038.00,"?????? ??????",,"??? ????? ???? ????? ???? ?????? ?. ???? ???? (?? 2019/04/04) ???? ????? (?????? ???????) ?? ???? ???? ????? ?????? ????? ??? ????? ?????? ?????. ???? ?? ??????? ????? CD. (???? ??????? ????? ??????).",25/3/2019 0:00:00,"1",26/3/2019 0:00:00,"?. ???? ?????",,0,215
33380.00,"???? ????",,"??? ????? ?????? ??????/ ??? ??? ??? ?????? ?? 2020/08/31 ????? ??? 7 ????? ???? ???? ????????? ??????? ?????? ???? ??? ???????? ??????? ???????:
1) ??? ??? 100231199 ????? 50 ??? ?????? ?????? 2017/03/10.
2) ??? ??? 100231200 ????? 50 ??? ?????? ?????? 2017/05/10.
3) ??? ??? 100231198 ????? 42530 ?????? ?????? 2016/12/30.
4) ??? ??? 100231201 ????? 50 ??? ?????? ?????? 2017/07/10.
5) ??? ??? 100231202 ????? 50 ??? ?????? ?????? 2017/09/10.
6) ??? ??? 100231203 ????? 50 ??? ?????? ?????? 2017/11/10.
7) ??? ??? 100231204 ????? 50 ??? ?????? ?????? 2018/01/10.",31/8/2020 0:00:00,"20",21/4/2019 0:00:00,"?. ????? ????",,0,231
33620.00,"?????? ??????",,"??? ????? ???? ????? ???? ?????? ?????? ????? (???????? ??? ?. ???? ???? ?? 2019/04/04) ???? ????? ????? ?? ??? ""???? ???"" ????? ??? ?????? ?????? ?????????? ???? ????? ???? ???? ???? ?????? ??? ????? ???? 1000 ????? ???? ??????. ???? ???????? ???? ??? ????? ?? ???? ???? ?? ???? ??? ????? ????? ???? ??? ?????? ??????? ?????? ???????. (???? ??????? ????? ??????).",9/5/2019 0:00:00,"1",12/5/2019 0:00:00,"?. ???? ?????",,0,215
33624.00,"?????? ??????",,"???? ??? ????? (?????? ??????????) ?? ???? ?????? ????????? ????? ?????? ???????? ??????? ????????? ?????? ?????? ?????? ???. ??????? ???? ?? ????? ??????? ????? ???? ????? ?????? ?????? ??? ??????.",17/4/2019 0:00:00,"8",12/5/2019 0:00:00,"?. ???? ?????",,0,215
33626.00,"?????? ??????",,"???? ??? ????? (?????? ??????????) ?? ????? ????? ?? ???? ?????? ???????? ??????? ????????? ???? ???? ?????? ???????? ????? ??????. ???????? ????? ?? ????? ??????? ????? ???? ????? ??????? ?????? ??? ???????.",17/4/2019 0:00:00,"9",12/5/2019 0:00:00,"?. ???? ?????",,0,215
33628.00,"?????? ??????",,"???? ??? ????? (?????? ??????????) ?? ????? ????? ?? ???? ?????? ???????? ??????? ????????? ???? ???? ?????? ???????. ???????? ????? ?? ????? ??????? ????? ???? ????? ??????? ?????? ??? ???????.",17/4/2019 0:00:00,"9",12/5/2019 0:00:00,"?. ???? ?????",,0,215
33632.00,"????? ?????","21341/MCB/DDA","??? 3 ???? ?? ????? ??????? ???? ????? ??????? ??????? ????????? ??? ????? ???? ????? ?????? ??? ?????? ???? ????? ???? ?????? -?????.",9/5/2019 0:00:00,"20 ???? ??? ????",13/5/2019 0:00:00,"??? ???????",,0,147
33674.00,"?????? ??????",,"??? ????? (???? ???????) ?????? ????? ?? ???? ?????? ???????? ??????? ????????? ???? ???? ?????? ???????. ???????? ????? ?? ????? ??????? ????? ???? ????? ??????? ?????? ??? ???????. ???? ?? ??????? ????? CD ????? ????????? ?? ???????.",15/5/2019 0:00:00,"21 + CD",19/5/2019 0:00:00,"?. ???? ?????",,0,215
33675.00,"?????? ??????",,"??? ????? (???? ???????) ?????? ????? ?? ???? ?????? ???????? ??????? ????????? ???? ???? ?????? ???????? ????? ??????. ???????? ????? ?? ????? ??????? ????? ???? ????? ??????? ?????? ??? ???????.",15/5/2019 0:00:00,"21",19/5/2019 0:00:00,"?. ???? ?????",,0,215
34062.00,"????? ?????","ICC  24265/AYZ","??? ???? ???? ????? ?????? ????????? ??? ICC 24265 AYZ.",25/6/2019 0:00:00,"2",1/7/2019 0:00:00,"??? ???????",,0,147
34064.00,"????? ?????","ICC  24265/AYZ","??? ????? ???? ????? ???? ?????? ?????? ????????? - ??? ????? ?????? ?????? ??????? ????????? ??? ICC 24265 AYZ. ???? ?? ??? ????? ?????? ????? ?????? ?????/ ???? ???? ???? ??? ?? ??????? ????????.",25/6/2019 0:00:00,"20",1/7/2019 0:00:00,"??? ???????","?? ????? ????????? ??????",0,147
34380.00,"M.O.T","????? ?????? ???????? ?????????","????? ?????? ??????? ???????? ??????? ???? ????? ???????? ??????? ?? 2019/07/17? ???????? ???????.",17/7/2019 0:00:00,"2",22/7/2019 0:00:00,"?. ????? ????",,0,234
34562.00,"?????? ??????",,"Amended Memo and new Articles of Association",29/7/2019 0:00:00,"46",7/8/2019 0:00:00,,,0,215
34563.00,"?????? ??????",,"Minutes of the meeting of the directors 25 July 2019",29/7/2019 0:00:00,"4",7/8/2019 0:00:00,,,0,215
34564.00,"?????? ??????",,"The registrar of Company",29/7/2019 0:00:00,"3",7/8/2019 0:00:00,,,0,215
34794.00,"?????? ??????",,"??? ????? ????? ??? ????? ??????? ?? ??????. ???? ?? ???? ????? ?? ??????? ???????.",18/8/2019 0:00:00,"30",28/8/2019 0:00:00,,,0,215
34895.00,"?????? ??????",,"????? ???? ????? ???? ?????? ?. ???? ??? ????? (?? 2019/08/28) ???? The company Act 2006 -translated (???? ????? ????? ??????).",22/8/2019 0:00:00,"1",28/8/2019 0:00:00,,,0,215
34907.00,"?????? ??????",,"????? ???? ????? ???? ?????? ?. ???? ??? ????? (?? 2019/10/14) ???? Companies Act of Refinitive Limited (???? ????? ????? ??????).",28/6/2019 0:00:00,"1",24/9/2019 0:00:00,,,0,215
34909.00,"?????? ??????",,"????? ???? ????? ???? ?????? ?. ???? ??? ????? (?? 2019/10/14) ???? Confirmation Statement of Refinitive Limited (???? ????? ????? ??????).",17/5/2019 0:00:00,"1",24/9/2019 0:00:00,,,0,215
35491.00,"????? ??????? ???????","38251 ???? 70?","??? ?????? ????????? ????? ?????? ?????? 2019/02/24? ??? ??? ?????",8/10/2019 0:00:00,"6",14/10/2019 0:00:00,,,0,152
35493.00,"????? ??????? ???????","38253 ???? 70?","??? ?????? ????????? ????? ?????? ?????? 2019/02/24? ???? ??? ?????",8/10/2019 0:00:00,"7",14/10/2019 0:00:00,,,0,152
35495.00,"????? ??????? ???????","38266 ???? 70?","??? ?????? ????????? ????? ?????? ?????? 2019/01/27? ????? ???? ?????",8/10/2019 0:00:00,"5",14/10/2019 0:00:00,,,0,152
35497.00,"????? ??????? ???????","38247 ???? 70?","??? ?????? ????????? ????? ?????? ?????? 2019/04/28? ????? ??? ??????",8/10/2019 0:00:00,"6",14/10/2019 0:00:00,,,0,152
35505.00,"????? ??????? ???????","38261 ???? 70?","??? ?????? ????????? ????? ?????? ?????? 2019/01/27? ??? ??????? ??????? ????.",8/10/2019 0:00:00,"7",16/10/2019 0:00:00,,,0,152
35569.00,"????? ??????? ???????","38256 ???? 70?","??? ?????? ????????? ????? ?????? ?????? 2019/01/27? ???? ????? ???? ??? ??? ??????.",21/10/2019 0:00:00,"7",22/10/2019 0:00:00,,,0,152
36024.00,"?? ??? ?? ??????",,"??? ????? ?????? ?????/ ??????? ???? ????? 11 ??? ????? ?? ??????? ????? ?? ??????? ?? ?????/ ???? ???????? ??? ???? ??????? ?????? ??????? ??? ???????.",13/11/2019 0:00:00,"1",14/11/2019 0:00:00,"?. ???? ????",,0,148
36254.00,"??????","9 ???? 2018","??? ????? ????? ????? ???? ?????? ?. ???? ??????? ???? 5 ??? ??? ????? ?? ???? ????? ?????? ???? ??????? ????? ?? ??? ????? ???????? ??????? ???? ????? ???????? ?????? ????? ???? ????? ????? ????? (????? ??????? ????). ?????? ?????? ???? ?????? ???????? ???? (????????? ????????? ???????). ??? ??????? ???? ?????? ???????? (??? ????????? ????? ??????).",20/6/2017 0:00:00,"1",3/12/2019 0:00:00,"???? ????",,0,182
36379.00,"?? ??? ?? ??????",,"??? ????? ?????? ?????/ ??????? ???? ????? 50 ??? ???? ?? ??????? ????? ?? ??????? ?? ?????/ ???? ???????? ??? ???? ??????? ?????? ??????? ??? ???????.",10/12/2019 0:00:00,"1",15/12/2019 0:00:00,"?. ???? ????",,0,148
36591.00,"??????","9 ???? 2018","??? ????? ???? ????? ???? ?????? ?. ???? ??????? ????? ??? ????? ?? ??? ???? ?????? ???? ?????? ?? ???? ??????? ?????? ??? 3 ????? Dumper 730. ??? ????? ??????? ???? ?????? ???????? (???? ??????? ??? ?????).",5/7/2017 0:00:00,"1",2/1/2020 0:00:00,"???? ????",,0,182
36617.00,"??????","9 ???? 2018","???? ??? ????? ???? ???? ?????? ???? ?????? ?? ???? ??????? ?????? ??? 3 ??????.",5/7/2017 0:00:00,"3",6/1/2020 0:00:00,"???? ????",,0,182
36668.00,"?? ??? ?? ??????",,"??? ????? ?????? ?????/ ??????? ???? ????? 55 ??? ???? ?? ??????? ????? ?? ??????? ?? ?????/ ???? ???????? ??? ???? ??????? ?????? ??????? ??? ???????.",13/1/2020 0:00:00,"1",14/1/2020 0:00:00,"?. ???? ????",,0,148
36671.00,"???? ????",," ??? ????? ???? ???????? ??????? ???????? ?? ?????/ ???? ???? ???? ????????? ????? ?????? ???????? ????? ???? ??????? ???????????????? ????? ??????. ?? ?????? ?????? ???????? ??????? ??? ??? ??? ?????? ?????? ???????.",22/4/2019 0:00:00,"1",23/4/2019 0:00:00,"?. ????? ????",,0,231
37053.00,"??? ????????","770 ???? 7?","??? ?????? ????????? ????? ?????? ?? ?????? ??? 770 ???? 7?? ?????? ????? 2018/12/25.",17/2/2020 0:00:00,"4",17/2/2020 0:00:00,"?. ???? ????",,0,16
37104.00,"?? ??? ?? ??????",,"??? ????? ?????? ?????/ ??????? ???? ????? 99.200 ???? ?? ??????? ????? ?? ??????? ?? ?????/ ???? ???????? ??? ???? ??????? ?????? ??????? ??? ???????.",19/2/2020 0:00:00,"1",20/2/2020 0:00:00,"?. ???? ????",,0,148
37398.00,"?? ??? ?? ??????",,"??? ????? ?????? ?????/ ??????? ???? ????? 150.000 ???? ?? ??????? ????? ?? ??????? ?? ?????/ ???? ???????? ??? ???? ??????? ?????? ??????? ??? ???????.",16/3/2020 0:00:00,"1",17/3/2020 0:00:00,"?. ???? ????",,0,148
37639.00,"???? ??? ?????",,"???? ????? ???? ??? ????? ???? ???? 783 ?????? 2010/07/19? ??? ???? ????? ??????? ????????? ???????? ?????? ???????? ??????/ ???? ????? ????? ?????? ??? ???? ???? ??? ??????? ??????? ?????? ?????? (2? 5? 10?).",19/7/2010 0:00:00,"4",1/6/2015 0:00:00,"?. ???? ??? ?????",,0,139
37641.00,"???? ??? ?????",,"???? ??? ???? 597 ?????? 2017/09/07? ???? ??? ????? ??? ????? ???? ????? ?????? 2013/05/16 ???? ????? ?????? 2011/03/01? ???????? ????? ??? ??????? ??????? ??????? ?????? (1? 2? 17?).",7/9/2014 0:00:00,"2",6/4/2020 0:00:00,"?. ???? ??? ?????","???? ?????:
- ???? ????: 2020/04/06.",0,139
37643.00,"???? ??? ?????",,"???? ??? ??? ????? ???? ???? 2015 ?????? 2016/08/22  ??? ?. ??? ?????? ???? ??? (????)? ????????/ ???? ??? ????? (?????)? ??? ????? ??? ???? ??????? ??????? ?????? (2? 5? 10?).",22/8/2016 0:00:00,"4",6/4/2020 0:00:00,"?. ???? ??? ?????","???? ?????:
- ???? ????: 2020/04/06.",0,139
37645.00,"???? ??? ?????",,"???? ????? ???? 4 ?????? ?? ???? ????? ????? ????? ??? ???? ??????? ???? ??? 4 ??? ????? ????? ???????/ ???? ??? ?????. ???? ??? ??? ???? ????? ?????? ????? ????? ???? ????? ????? 1002 ???? ??? ?????. ????? ??? ??? ???????? ??????? ?????? ?? ???? ??????? ?????? 2019/12/25.",23/12/2019 0:00:00,"8",6/4/2020 0:00:00,"?. ???? ??? ?????",,0,139
37816.00,"?????? ??????","78052 ???? 70?","??? ???? ??????? ????? ?????? ?????? 2020/02/27.",5/5/2020 0:00:00,"6",5/5/2020 0:00:00,"?. ???? ??? ????",,0,3
37877.00,"????? ?????","21341/MCB/DDA","??? ????? ???? ????? ???? ????? ????????? ???????- ??? ????? ???? ????? ???? ?????? ?. ????? ???? ?? 2020/08/05  ???? ??? ??????? ???????.",9/2/2020 0:00:00,"2",1/6/2020 0:00:00,"??? ???????","?? ????? ????????? ??????? ?? ???? ??? 48/137?",0,147
37878.00,"????? ?????","21341/MCB/DDA","??? ????? ???? ????? ???? ?????? ?. ????? ???? ?? 2020/08/05 ???? ????? ??????? ???????? ???? ??????? ??????? ?????? ?.?. ???? ???? ????.",9/2/2020 0:00:00,"1",1/6/2020 0:00:00,"??? ???????",,0,147
38000.00,"??????? ????????","139 / 2017","??? ????? ???? ?? ?. ???? ????? ?????? ??. ???? ??? ?????? ???? ?????? ???????? ??????? ??????? ????????? ??????? ???? ??????? ?????????? ???????? ??? ??? ?????? ???????? ?? ?. ???? ???? ???? ???? ???????.",15/6/2020 0:00:00,"1",22/6/2020 0:00:00,"???? ????",,0,192
38003.00,"????? ?????","21341/MCB/DDA","??? ????? ???? ????? ???? ?????? ?. ????? ???? ?? 2020/08/05 ???? ?????? ??? 1 ????? ??????? ???????? ???? ??????? ?????? ?? ????????.",27/4/2020 0:00:00,"1",22/6/2020 0:00:00,"??? ???????",,0,147
38004.00,"????? ?????","21341/MCB/DDA","??? ????? ???? ????? ???? ?????? ?. ????? ???? ?? 2020/08/05 ???? ???? ???? ??????? ??????? ?????? ?? 2020/02/09.",19/5/2020 0:00:00,"1",22/6/2020 0:00:00,"??? ???????",,0,147
38024.00,"?????? ??????",,"??? ????? ???? ????? ???? ?????? ?. ???? ???? ?? 2020/06/25 ???? ??? ????? ???? ????? ??? ???? ??? ??? ????? ??????? ?????????? (??? ??? ????) ????? ?????? ????? (??? ???? ????) ???? ????? ?????? 450 ??? ????? ???? ????? ??????? ??????.",2/4/2019 0:00:00,"1",24/6/2020 0:00:00,,,0,215
38935.00,"?????",,"?????? ??? 317 / 1985 ???? ??? ?? ??? ???? ?? ???? ??? ???????? ??? ????????????? ?????? 7 ????? ?18 ???.",4/3/1985 0:00:00,"3 ????? 
5 ?????",5/10/2020 0:00:00,"???? ????",,0,209
38936.00,"?????",,"?????? ??? 2116 / 2016 ???? ??? ??? ???????? ??? ????????????? ?????? 2 ???? ?13 ???.",24/7/2016 0:00:00,"3 ????? 
6 ?????",5/10/2020 0:00:00,"???? ????",,0,209
38937.00,"?????",,"?????? ??? 1475 / 2014 ???? ??? ??? 6 ??? ??? ??? ?? ????? ?? ????? ???????? ??? ????????????? ??????? ????? 1 ???? ?17 ??? ???????.",16/7/2014 0:00:00,"3 ????? 
6 ?????",5/10/2020 0:00:00,"???? ????",,0,209
38938.00,"?????",,"?????? ??? 37 / 2008 ???? ??? ???? ??? ???? ????? ?????? ???? ?????? ??????? ??? ????????????? ?????? 1 ???? ?2/3 ???.",8/1/2008 0:00:00,"2 ???? 
4 ????",5/10/2020 0:00:00,"???? ????",,0,209
38939.00,"?????",,"?????? ??? 2222 / 2007 ???? ??? ???? ??? ???? ????? ?????? ???? ?????? ??????? ??? ???????????? ?????? 21.5 ???.",8/12/2007 0:00:00,"2 ???? 
4 ????",5/10/2020 0:00:00,"???? ????",,0,209
38940.00,"?????",,"?????? ??? 732 / 2007 ???? ??? ?? ??? ???? ?? ??? ???? ????? ?????? ???? ?????? ??????? ??? ???????????? ?????? 2 ???? ?8 ?????.",30/4/2007 0:00:00,"5 ????? 
10 ?????",5/10/2020 0:00:00,"???? ????",,0,209
38941.00,"?????",,"?????? ??? 454 / 1998 ?????? ?????? ??? 1337 / 1998 ???????????? ??? ????? ???? ??? ???? ???????? ??? ???????????? ?????? 2 ???? ?7 ?????.",1/3/1998 0:00:00,"2 ???? 
4 ????",5/10/2020 0:00:00,"???? ????",,0,209
39397.00,"????? ?????","ICC 24265 AYZ","??? ????? ???? ????? ???? ????? ????? ???????? - ??? ??? ??????? ??????? ?????? ?? ?????? ????????? ??? ICC 24265 AYZ.",29/9/2020 0:00:00,"1",9/11/2020 0:00:00,"??? ???????","?? ????? ????? ????????",0,147
39421.00,"????? ?????","ICC 24265 AYZ","??? ????? ????? ????? ????? ?? ??? ???????? ???? ?? ??? ???? ?? ?????? ?????? ?? ???????.",25/10/2020 0:00:00,"3",15/11/2020 0:00:00,"??? ???????",,0,147
39471.00,"?????",,"?????? ??? 383 / 1981 ???? ??? ??? ???????? ??? ????????????.",14/5/1981 0:00:00,"2 ???? 
4 ????",22/11/2020 0:00:00,"???? ????",,0,209
39472.00,"?????",,"?????? ??? 1552 / 2020 ???? ??? ?? ??? ???? ??? ???? ???? ????? ????? ??????? ??? ????????????.",24/1/2020 0:00:00,"8 ?????
15 ????",22/11/2020 0:00:00,"???? ????",,0,209
39477.00,"?? ??? ?? ??????",,"??? ??? ????? ?????? ??? ???? ?? ??? ?? ?????? ??????? ??????/ ???? ??????? ???? ????.",10/11/2020 0:00:00,"3",22/11/2020 0:00:00,"?. ???? ????",,0,148
39478.00,"?? ??? ?? ??????",,"??? ????? ?????/ ??????? ????? ??????? ????? ??????? ?? ???? ??? ????? ??? ???? ???? G&D Egypt Services ??????? ???? 1.300.782 ????.",10/11/2020 0:00:00,"1",22/11/2020 0:00:00,"?. ???? ????",,0,148
39479.00,"?? ??? ?? ??????",,"???? ????? ?????? ??? ???? ?? ??????? ???? ????? ???? ???????? ??? ???????? ???????? ?? ?????? ??? 1485 / 2016 ??? ????? ??????????.",7/11/2020 0:00:00,"1",22/11/2020 0:00:00,"?. ???? ????",,0,148
40021.00,,,"???? ????? ?? ??????? ????? ??? 2403 ?/2020 ????? ???? ?????? ??????? ?? ??????? ???? ????? ???? ???? ??? ?????? ??????? ???????? ?? ?????? ??? 1485 / 2016. ???? ??? ?????? ?????? ?? ??????? ????? ????? ?????? ?????/ ???? ???????? ????? ???? ????? ????? ?????? ?????/ ???? ???????.",27/12/2020 0:00:00,"2",29/12/2020 0:00:00,"?. ???? ????",,0,148
40029.00,,"105? 108 / 137?","??? ????? ?????/ ???? ??? ??? ?????? ?????? ???? ??? ????? ???? ????????? ?????? ???? ???? ?????? 29 ????? ???????? ?? ??????????? ?????????.",29/12/2020 0:00:00,"30",30/12/2020 0:00:00,"?. ???? ?????",,0,110
40421.00,,,"??? ????? ???? ????? ???? ?????? ?????? ???? ?????? ????????? ?????? ??????? ???????? ?????? 2020/12/30? ?????? ??? ?????? ??????? ?????? ???????? AIVOC? ?????? ???? ???? ???? ??????? ????? ???? ???? ??????? ???????.",19/1/2021 0:00:00,"11",20/1/2021 0:00:00,"???? ????","?? ????? ??????? ??? ??????",0,250
40552.00,,,"3 ??????? ????? ?? ?????? ????? ?????? ???? ????? ??? ?? ??????? ???????? ???? ???? ????? ?? ??????? ???????.",28/1/2021 0:00:00,"9",3/2/2021 0:00:00,"????? ????",,0,258
40786.00,,"51341 ???? 72?","??? ???? ??????? ????? ?????? ?????? 2020/12/24.",15/2/2021 0:00:00,"6",17/2/2021 0:00:00,"?. ???? ??? ????",,0,3
40924.00,,"CRCICA Case no. 1412/2020","??? ??? ??????? ?????? ?? ???? ??????? ???????? ??????? ??????? ??????? ?? ?????? ????????? ??? 1412 ???? 2020",3/3/2021 0:00:00,"54",7/3/2021 0:00:00,"??? ???????",,0,251
41332.00,,,"Power of Attorney from Mr. Abu Bakr Abdulla Hadi Ahmed Al Hussaini to SE&P",,"5",5/4/2021 0:00:00,"?. ???? ??? ?????","???? ???? ????",0,262
41333.00,,,"Written resolutions of the Shareholders of UK Egypt Investments Holding Ltd, circulated on 9 March 2021",,"6",5/4/2021 0:00:00,"?. ???? ??? ?????","???? ???? ????",0,262
41334.00,,,"Written resolutions of the Sole Director of UK Egypt Investments Holding Ltd, passed on 9 March 2021",,"5",5/4/2021 0:00:00,"?. ???? ??? ?????","???? ???? ????",0,262
41336.00,,,"Certificate of Incorporation and Memorandum of Association of UK Egypt Investments Holding Limited",15/11/2019 0:00:00,"30",5/4/2021 0:00:00,"?. ???? ??? ?????","???? ???? ????",0,262
41337.00,,,"A. Commercial License issued by the Registrar of Companies-Dubai International Financial Center- for Egypt Investments Holding Ltd
B. Certificate of Incorporation issued by the Registrar of Companies-Dubai International Financial Center-for Egypt Investments Holding Ltd
C. Share Certificate (No. 1) issued by the Registrar of Companies-Dubai International Financial Center-for Egypt Investments Holding Ltd
D. Share Certificate (No. 3) issued by the Registrar of Companies-Dubai International Financial Center-for Egypt Investments Holding Ltd
E. Written resolutions of the sold director of Egypt Investments Holding Ltd
F. Amended & restated articles of association for Egypt Investments Holding Ltd
G. Power of Attorney from Mr. Venkatesh Subramanian to SE&P
H. Written resolutions of the Shareholders of Egypt Investments Holding Ltd dated 4 March 2021",,"25",5/4/2021 0:00:00,"?. ???? ??? ?????","???? ???? ????",0,262
42651.00,,,"??? ????? ?????? ???????? ????? ??? ?????? ???? ??? ??? 34731914 ?????  300000 ????? ??? ??? ??? ???? ?? ????? ??? ?????? ??? ???????? ?? ??? ???? ???? ??? ??? 51714000002549 ????? 300000 ???? ????? ??? ????? ?????? ?????? ???? ?? ?????/ ??? ?????? ????? ???? ????? ???????",14/3/2021 0:00:00,"1",30/8/2021 0:00:00,,,0,102
42653.00,,,"??? ????? ????? ????? ?????? ????????? ????? ????? ?????? ??????? ???? ??????? ???????? ????? ????? ?????? ??? ???? ??? ????? ????? ??????.",5/7/2021 0:00:00,"1",30/8/2021 0:00:00,"????? ????",,0,102
43243.00,,,"????  ????? ?????/??? ???? ??? ?????? ?? ??? ?????? ??????? ???????? ??????? ???? ????? ??????? ?????? ?? ??????? ??????/???? ??? ?????? ?? ???? ??? ????? ??????",23/11/2021 0:00:00,"3",24/11/2021 0:00:00,"????? ????",,0,224
43398.00,,"560 / 2017","????? ???? ?????? ????? ??? ?????? ??????? ??? ???? ????? 73237 ?? ?? ???? ?????? ????????? ???????? ??????? ?????? ??? ???? ??? ?????? ????? ??? ????? ?????? ?? ?????? ??? 560 ???? 2017 ????  ???? ??????? ????? ???? ???????? ???? ?? ???? ??????? ?????  ? ?????? ????? ????? ?????? ??? ?????? ???????",15/12/2021 0:00:00,"15",16/12/2021 0:00:00,"????? ????? ???? ??? ??????? ???? ??????",,0,173
44092.00,,"79/15J","??? ????? ?????? ???????/ ???? ????? ??? ?????? ????????? ????? ?????? ?? ?????? 79/15J",24/2/2022 0:00:00,"4",24/2/2022 0:00:00,"????? ????",,0,255
44175.00,,"????","???? ????? ???? ????? ??? ???",7/3/2022 0:00:00,"1",7/3/2022 0:00:00,"????? ????","?? ?????? ?????? ?? 05/09/20225",0,278
44177.00,,"????","???? ???? ??? ??? ????? ?????",7/3/2022 0:00:00,"1",7/3/2022 0:00:00,"????? ????","?? ?????? ?????? ?? 05/09/20225",0,278
44183.00,,"????","??? ????? ?????? ?????/ ??? ????? ????? ???? ??? ???? ???? ???? 250000 ??? ???? + ????? ??? ???",7/3/2022 0:00:00,"2",7/3/2022 0:00:00,"????? ????","?? ?????? ?????? ?? 05/09/20225",0,278
44905.00,,"32 / 5J","??? ????? ?????? ??????? ?????? ?????????  ????? ?????? ?? ?????? ??? 32 / 5 ?",29/6/2022 0:00:00,"3",29/6/2022 0:00:00,"????? ????","?? ?????? ?????? ?? 25/07/2022",0,270
45857.00,,"2187 / 2021","???? ???????",10/10/2021 0:00:00,"8",29/11/2022 0:00:00,"???? ????? ???? ??????",,0,263
45859.00,,"2187 / 2021","????? ??????? ???? 31000 ???? ?????? ????? ??? ????? ?????? ?? ?????? 2187 / 2021",28/11/2022 0:00:00,"1",29/11/2022 0:00:00,"???? ????? ???? ??????",,0,263
46181.00,,,"??? ????? ?????? ?????/???? ???? ???? ?????? ?????????",18/1/2023 0:00:00,"1",18/1/2023 0:00:00,"???? ????","?? ??????? ?????? (???? ????)",0,214
46228.00,,,"????? ??????? ???? ????? ??????? ?????? ?? ?? ???? ??? ?????",19/1/2023 0:00:00,"2",22/1/2023 0:00:00,"????? ????",,0,257
46871.00,,"16047 ???? 87?","????? ??????? ????? ????? ??????? ??? 16047 ???? 87?",19/3/2023 0:00:00,"1",19/3/2023 0:00:00,"????? ????",,0,100
46925.00,,"3024 / 2013","????? ???? ?????? ?????? ??? ???? ?????? ?????????",27/3/2023 0:00:00,"12",27/3/2023 0:00:00,"???? ????",,0,213
47030.00,,"11454 / 2022
11455 / 2022","??? ????? ??????? ????????? + ??? ?????? ?????????",4/4/2023 0:00:00,"18",4/4/2023 0:00:00,"????? ????",,0,258
47262.00,,"80 / 2015 
11455 / 2022","??? ?????? ?????????",18/5/2023 0:00:00,"12",18/5/2023 0:00:00,"????? ????",,0,258
47264.00,,"80 / 2015","????? ??? ????? 10222 ????",18/5/2023 0:00:00,"2",18/5/2023 0:00:00,"????? ????",,0,258
47368.00,,,"????? ??? ???? ?? ???? ??? ??????? ???? ???? ???? ??? ??? ??? ??? ??? ??? ???",5/12/2016 0:00:00,"1",1/6/2023 0:00:00,"????? ????","???? ???? ??? ??????",0,289
47370.00,,,"????? ???? ???? ?? ??? ??? ??? ??? ???? ??? ??? ??? ???? ??? ??? ???",28/8/2016 0:00:00,"1",1/6/2023 0:00:00,"????? ????","???? ???? ??? ??????",0,289
47372.00,,,"????? ??? ???? ?? ???? ??? ??????? ???? ???? ???? ??? ??? ??? ?? ?? ??? ???? ???? ??????? ? ??? ???? ???? ???????",5/12/2016 0:00:00,"1",1/6/2023 0:00:00,"????? ????","???? ???? ??? ??????",0,289
47376.00,,,"????? ?????? ????? ?????? ?? ???? ???? ??????? ??? ????? ??? ????? ??? ???? ???? ?????",23/5/2023 0:00:00,"1",1/6/2023 0:00:00,"???? ????",,0,214
48213.00,,,"??? ??? ??????? ?? ??? ??????? 23/12/2019 ??? ?????/ ???? ???? ???? ??? ???? ? ????? ???? ???? ???? ??? 
? ?????? ???? ???? ???? ??? ? ?????? ??? ???? ???? ???",12/10/2023 0:00:00,"5",12/10/2023 0:00:00,"????? ????",,0,173
48215.00,,,"??? ?????? ?? ? ??? ???? ??? ?????? ???? 62 ? ??????? ????? ?????? ?? ???????? ??? ???",12/10/2023 0:00:00,"1",12/10/2023 0:00:00,"????? ????",,0,173
48217.00,,,"??? ?????? ?? ? . ???? ???? ??? ?????? ???? 22 ??? ? ??????? ????? ?????? ?? ???????? ??? ???",12/10/2023 0:00:00,"1",12/10/2023 0:00:00,"????? ????",,0,173
48219.00,,,"???? ??? ????? ???? ?????? ???????? ???? ?????? ??? ???? ????",12/10/2023 0:00:00,"1",12/10/2023 0:00:00,"????? ????",,0,173
48223.00,,," ??? ?????? ????? ???????? ????????",12/10/2023 0:00:00,"1",12/10/2023 0:00:00,"????? ????",,0,173
48225.00,,,"????? ???? ???? ???????",12/10/2023 0:00:00,"1",12/10/2023 0:00:00,"????? ????",,0,173
48227.00,,,"??? ??? ??? ??? ????? ???? ?????",12/10/2023 0:00:00,"4",14/10/2023 0:00:00,"????? ????",,0,31
48233.00,,,"??? ????? ??? ?? ???? ??? ?????? ?????? ???? ???? ????? ?????? ?? ???? ??? ????? ??? ???? ?? ????? ??????",12/10/2023 0:00:00,"1",12/10/2023 0:00:00,"????? ????",,0,31
48235.00,,,"???? ????? ??? ?? ???? ???? ??? ????? ???? ????? ????? ?????? ?? ???? ??? ????? ??? ???? ?? ????? ??????",12/10/2023 0:00:00,"1",12/10/2023 0:00:00,"????? ????","?? ????? ??? ??? ??????",0,31
48237.00,,,"??? ????? ??? ?? ???? ??? ?????? ?????? ???? ?????? ????? ?????? ?? ???? ??? ????? ??? ???? ?? ????? ??????",12/10/2023 0:00:00,"1",12/10/2023 0:00:00,"????? ????",,0,31
48239.00,,,"??? ????? ??? ?? ????? ???? ???? ??? ????? ? ???? ??? ?????? ???? ??? ?????? ? ???? ??? ???? ???? ????? ?????? ?? ???? ??? ????? ??? ???? ?? ????? ??????",12/10/2023 0:00:00,"1",12/10/2023 0:00:00,"????? ????",,0,31
48247.00,,,"??? ??? ????? ???? ??? ????? ?????? 6 ??????",15/10/2023 0:00:00,"1",15/10/2023 0:00:00,"????? ????",,0,237
48316.00,,"59644 / 67?","???? ??????? ?? ????? ?????? ?? ????? ??? 59644 / 67?",3/9/2023 0:00:00,"5",19/10/2023 0:00:00,"????? ????",,0,238
48889.00,,,"????? ???? ???? ????? ????? ??? ???????",30/1/2024 0:00:00,"1",30/1/2024 0:00:00,"????? ????",,0,236
48951.00,,"60304/72j","??? ?????? ????????? ?? ?????? ??? 60304/72J",7/2/2024 0:00:00,"8",7/2/2024 0:00:00,"????? ????",,0,229
49057.00,,,"????? ???? ???? ???? ???? ??????? ???? (???? ??????)",29/2/2024 0:00:00,"1",29/2/2024 0:00:00,"????? ????",,0,236
49859.00,,,"??? ????? ???? ???? ??????? ?????? ??? ???? ????? 95000 ????",14/7/2024 0:00:00,"1",14/7/2024 0:00:00,"??? ?????",,0,294
51254.00,,,"??? ????? ???? ???? ??????? ?????? ??? ???? ????? 50000 ????",14/10/2024 0:00:00,"1",14/10/2024 0:00:00,"??? ?????",,0,294
51323.00,,"20793/23J","???? ????? ????",21/10/2024 0:00:00,"1",21/10/2024 0:00:00,"????? ????","?? ????? ????? ??? ????? ???? ?????",0,299
52047.00,,,"??? ??????? ????? ????? ???? 5C ??????? ??? 5955 / 2022",8/4/2024 0:00:00,"24",8/4/2024 0:00:00,"???? ??????",,0,236
52100.00,,,"??? ??????? ????? ???? ???? 3F ??????? ??? 5950",8/4/2024 0:00:00,"21",8/4/2024 0:00:00,"???? ??????",,0,236
52339.00,,"65387 / 75?","???? ???????",19/12/2024 0:00:00,"12",19/12/2024 0:00:00,"???? ??? ??????",,0,266
55704.00,,,"???? ??????? ?? ????????? ??? 15941/141? ????? ???????? ???",14/4/2025 0:00:00,"5",14/4/2025 0:00:00,"????? ????",,0,1
57961.00,,,"???? ?? ??? ??? ?????? ?????? ?????? ??????",21/7/2025 0:00:00,"14",21/7/2025 0:00:00,"????? ????","?? ????? ????? ??????",0,306
